9 0.6812307098765431 0.2493827160493827 0.7130594135802468 0.29739368998628257 0.743923611111111 0.3179698216735254 0.7506751543209876 0.35912208504801096 0.7554976851851851 0.38655692729766805 0.7690007716049382 0.4088477366255144 0.7882908950617283 0.42085048010973936 0.8037229938271604 0.4448559670781893 0.8345871913580247 0.5100137174211248 0.8529128086419752 0.5203017832647462 0.8365162037037037 0.47400548696844985 0.7902199074074073 0.38827160493827156 0.7690007716049382 0.3796982167352537 0.7641782407407407 0.3419753086419753 0.7574266975308641 0.3111111111111111 0.7391010802469135 0.28710562414266116 0.7149884259259258 0.2682441700960219 0.7034143518518517 0.24595336076817556 0.6928047839506172 0.21851851851851853 0.6802662037037037 0.23052126200274345
9 0.5597029320987654 0.3111111111111111 0.5481288580246914 0.35740740740740734 0.5606674382716049 0.39341563786008227 0.572241512345679 0.42085048010973936 0.6011766975308641 0.5031550068587105 0.6262538580246914 0.580315500685871 0.6378279320987654 0.5888888888888889 0.6320408950617283 0.5323045267489711 0.6233603395061728 0.5031550068587105 0.6088927469135802 0.46028806584362136 0.6185378086419753 0.45342935528120715 0.6031057098765431 0.4122770919067215 0.5886381172839507 0.41056241426611795 0.5780285493827161 0.3711248285322359 0.5828510802469135 0.3265432098765432 0.576099537037037 0.3111111111111111
0 0.4507137345679012 0.3796982167352537 0.4497492283950617 0.4517146776406036 0.4343171296296296 0.48429355281207126 0.4352816358024691 0.5511659807956104 0.4169560185185185 0.5786008230452674 0.36776620370370366 0.592318244170096 0.3311149691358024 0.592318244170096 0.31182484567901236 0.5511659807956104 0.30025077160493824 0.4808641975308641 0.27420910493827155 0.4311385459533607 0.27324459876543206 0.3848422496570645 0.2761381172839506 0.32311385459533604 0.29832175925925924 0.30596707818930036 0.31761188271604934 0.29739368998628257 0.345582561728395 0.28367626886145403 0.3831983024691358 0.2682441700960219 0.4024884259259259 0.2579561042524005 0.42949459876543206 0.30596707818930036 0.44589120370370366 0.3556927297668038
0 0.5008680555555556 0.002469135802469127 0.5143711419753086 0.08648834019204388 0.5307677469135802 0.12421124828532233 0.5423418209876544 0.1465020576131687 0.5519868827160493 0.1825102880658436 0.5558449074074073 0.2150891632373114 0.5471643518518517 0.2493827160493827 0.5674189814814814 0.2751028806584362 0.5847800925925924 0.3076817558299039 0.6195023148148148 0.3162551440329218 0.6195023148148148 0.2751028806584362 0.6031057098765431 0.23395061728395058 0.6031057098765431 0.18422496570644717 0.6050347222222221 0.16707818930041152 0.6214313271604938 0.12764060356652948 0.6339699074074073 0.08820301783264745 0.6416859567901234 0.06762688614540467 0.6667631172839505 0.03333333333333333 0.6793016975308641 0.026474622770919057 0.6956983024691358 0.062482853223593954 0.7101658950617283 0.0710562414266118 0.747781635802469 0.03676268861454046 0.7535686728395061 0.05390946502057613 0.730420524691358 0.0710562414266118 0.7265625 0.08648834019204388 0.7419945987654321 0.12078189300411521 0.7718942901234568 0.13449931412894373 0.7863618827160493 0.11392318244170097 0.808545524691358 0.11220850480109737 0.8210841049382716 0.09677640603566529 0.8355516975308641 0.10877914951989025 0.8336226851851851 0.12764060356652948 0.8558063271604938 0.12421124828532233 0.8558063271604938 0.08991769547325103 0.8693094135802468 0.08648834019204388 0.8654513888888888 0.059053497942386825 0.8423032407407407 0.04362139917695472 0.8423032407407407 0.029903978052126193 0.8394097222222221 0.0007544581618655644
1 0.6725501543209876 0.4517146776406036 0.6725501543209876 0.477434842249657 0.6889467592592592 0.47914951989026056 0.6870177469135802 0.4465706447187929
1 0.36680169753086417 0.7912208504801097 0.3639081790123457 0.8186556927297667 0.3822337962962962 0.8203703703703703 0.3822337962962962 0.7895061728395062
1 0.41984953703703703 0.9249657064471878 0.41792052469135804 0.9541152263374485 0.43142361111111105 0.9609739368998628 0.4352816358024691 0.9301097393689985
1 0.3224344135802469 0.09677640603566529 0.3224344135802469 0.12421124828532233 0.337866512345679 0.12421124828532233 0.337866512345679 0.0916323731138546
1 0.22598379629629628 0.12078189300411521 0.22694830246913578 0.1465020576131687 0.23755787037037035 0.15336076817558297 0.24334490740740738 0.1379286694101509 0.23948688271604937 0.11735253772290809
1 0.18258101851851852 0.8169410150891632 0.18643904320987653 0.8460905349794238 0.20187114197530862 0.8460905349794238 0.1960841049382716 0.813511659807956
1 0.7680362654320987 0.4362825788751714 0.7680362654320987 0.4637174211248285 0.7834683641975307 0.46714677640603564 0.7834683641975307 0.4397119341563785
0 0.9975887345679012 0.009327846364883404 0.9879436728395061 0.03676268861454046 0.9686535493827161 0.04705075445816186 0.9696180555555555 0.08991769547325103 0.978298611111111 0.09506172839506172 0.9908371913580247 0.11735253772290809 0.9918016975308641 0.1465020576131687 0.9638310185185185 0.19108367626886147 0.9551504629629629 0.22709190672153634 0.9705825617283951 0.24080932784636488 0.9483989197530864 0.2493827160493827 0.9416473765432098 0.28367626886145403 0.9320023148148148 0.295679012345679 0.9503279320987654 0.3196844993141289 0.9734760802469135 0.3265432098765432 0.9927662037037037 0.3248285322359396 0.9966242283950617 0.36426611796982167 0.9994791666666667 0.20555555555555555 0.9994791666666667 0.010185185185185186
1 0.3243634259259259 0.1825102880658436 0.3243634259259259 0.20994513031550066 0.34076003086419754 0.22023319615912207 0.345582561728395 0.19108367626886147
2 0.3745177469135802 0.7123456790123456 0.3716242283950617 0.7552126200274348 0.38609182098765427 0.7569272976680383 0.3889853395061728 0.7089163237311384
