0 0.17256944444444444 0.501440329218107 0.15424382716049384 0.46714677640603564 0.12723765432098763 0.44142661179698217 0.08094135802469135 0.46543209876543207 0.0741898148148148 0.5134430727023319 0.0722608024691358 0.5305898491083676 0.07997685185185184 0.6060356652949245 0.0886574074074074 0.6540466392318244 0.11180555555555555 0.6969135802469135 0.12723765432098763 0.7157750342935527 0.16292438271604937 0.7209190672153635 0.18896604938271602 0.722633744855967 0.21404320987654318 0.7020576131687243 0.22272376543209876 0.6883401920438957 0.23622685185185185 0.6523319615912209 0.24008487654320987 0.6111796982167352 0.22754629629629627 0.5888888888888889 0.20825617283950618 0.5614540466392318 0.18703703703703703 0.540877914951989 0.17932098765432097 0.5357338820301782
0 0.08094135802469135 0.6660493827160493 0.051041666666666666 0.6266117969821673 0.03753858024691358 0.6008916323731138 0.009567901234567902 0.6283264746227708 0.006674382716049382 0.6557613168724279 0.006674382716049382 0.7106310013717421 0.008603395061728395 0.734636488340192 0.007638888888888888 0.7706447187928669 0.02403549382716049 0.8100823045267489 0.06358024691358025 0.8392318244170096 0.0886574074074074 0.8323731138545953 0.10119598765432097 0.8237997256515774 0.11469907407407406 0.8032235939643346 0.11180555555555555 0.7655006858710561 0.09637345679012346 0.734636488340192 0.08479938271604938 0.7260631001371741 0.08479938271604938 0.6849108367626886 0.08576388888888889 0.6814814814814815
0 0.7946759259259258 0.43456790123456784 0.7840663580246914 0.46028806584362136 0.7831018518518518 0.4877229080932784 0.8216820987654321 0.5048696844993141 0.8380787037037037 0.5082990397805213 0.8515817901234567 0.477434842249657 0.8486882716049382 0.4397119341563785 0.8284336419753086 0.42085048010973936 0.808179012345679 0.42085048010973936
0 0.5583719135802468 0.4311385459533607 0.5824845679012345 0.36083676268861453 0.5853780864197531 0.3522633744855967 0.5844135802469135 0.30939643347050755 0.5786265432098765 0.2579561042524005 0.5574074074074074 0.22709190672153634 0.516898148148148 0.20994513031550066 0.5053240740740741 0.23223593964334702 0.4831404320987654 0.20994513031550066 0.4570987654320987 0.21337448559670782 0.4532407407407407 0.25624142661179694 0.4310570987654321 0.28196159122085046 0.4011574074074074 0.2802469135802469 0.3751157407407407 0.2853909465020576 0.3664351851851852 0.33168724279835393 0.3654706790123457 0.3539780521262002 0.3760802469135802 0.41570644718792865 0.3702932098765432 0.4397119341563786 0.3934413580246913 0.4637174211248285 0.38379629629629625 0.501440329218107 0.37318672839506173 0.5340192043895747 0.39151234567901233 0.5580246913580247 0.4300925925925926 0.5888888888888889 0.4561342592592592 0.5357338820301784 0.47735339506172836 0.540877914951989 0.4918209876543209 0.5460219478737998 0.4898919753086419 0.6026063100137173 0.4927854938271604 0.6214677640603565 0.4918209876543209 0.6471879286694101 0.5217206790123456 0.643758573388203 0.5439043209876543 0.5460219478737998 0.5535493827160494 0.4808641975308641 0.5545138888888889 0.45
1 0.3722222222222222 0.679766803840878 0.3722222222222222 0.7054869684499313 0.38572530864197524 0.7072016460905349 0.38572530864197524 0.6729080932784636
1 0.7040123456790124 0.3814128943758573 0.7059413580246914 0.4122770919067215 0.7194444444444444 0.4139917695473251 0.7194444444444444 0.3831275720164609
1 0.0741898148148148 0.29910836762688614 0.07611882716049383 0.33340192043895744 0.09347993827160493 0.3299725651577503 0.09155092592592592 0.295679012345679
1 0.17353395061728394 0.8546639231824417 0.17064043209876542 0.8838134430727023 0.1822145061728395 0.8889574759945129 0.18993055555555555 0.8632373113854594 0.18125 0.8443758573388203
1 0.26709104938271605 0.7963648834019204 0.26709104938271605 0.8289437585733882 0.28638117283950615 0.8340877914951988 0.28638117283950615 0.7963648834019204
9 0.7937114197530863 0.6008916323731138 0.8197530864197531 0.7072016460905349 0.8342206790123456 0.6986282578875171 0.808179012345679 0.5974622770919067
1 0.10023148148148148 0.3556927297668038 0.105054012345679 0.38655692729766805 0.12145061728395061 0.38827160493827156 0.1175925925925926 0.3556927297668038
0 0.9866126543209875 0.516872427983539 0.968287037037037 0.5237311385459533 0.9499614197530863 0.5494513031550069 0.9383873456790124 0.6008916323731138 0.9017361111111111 0.5957475994513032 0.894020061728395 0.6077503429355281 0.8641203703703704 0.6077503429355281 0.8573688271604938 0.6540466392318244 0.8756944444444444 0.67119341563786 0.8756944444444444 0.7054869684499313 0.8670138888888889 0.7517832647462277 0.8564043209876542 0.7860768175582991 0.8728009259259258 0.8117969821673524 0.8988425925925925 0.8203703703703703 0.9084876543209875 0.8032235939643346 0.9190972222222221 0.7655006858710561 0.9210262345679011 0.8083676268861453 0.9239197530864197 0.8495198902606309 0.9354938271604938 0.8666666666666666 0.9547839506172838 0.8546639231824417 0.9769675925925925 0.8358024691358025 0.9827546296296296 0.8117969821673524 0.9994791666666667 0.8083333333333333
1 0.5255787037037037 0.876954732510288 0.5207561728395061 0.8992455418381344 0.5342592592592592 0.9043895747599451 0.5429398148148148 0.8803840877914951 0.5381172839506173 0.8666666666666666
