1 0.5487268518518518 0.4585733882030178 0.5467978395061728 0.48429355281207126 0.5631944444444444 0.489437585733882 0.5641589506172839 0.4585733882030178
21 0.7435570987654321 0.10706447187928668 0.7204089506172838 0.13449931412894373 0.737770061728395 0.16879286694101506 0.7599537037037037 0.1516460905349794 0.7811728395061728 0.12764060356652948 0.7782793209876543 0.10877914951989025 0.7657407407407407 0.09677640603566529
1 0.5930941358024691 0.3505486968449931 0.5921296296296297 0.3831275720164609 0.6056327160493827 0.3831275720164609 0.6085262345679011 0.3454046639231824
1 0.34425154320987655 0.6094650205761316 0.34425154320987655 0.6420438957475995 0.3606481481481481 0.6420438957475995 0.3606481481481481 0.6111796982167352
1 0.15424382716049384 0.39513031550068584 0.1513503086419753 0.42770919067215357 0.1677469135802469 0.4328532235939643 0.17160493827160492 0.39513031550068584
1 0.9162037037037037 0.6454732510288066 0.9104166666666665 0.6729080932784636 0.9287422839506172 0.6900548696844993 0.9393518518518518 0.6609053497942387 0.9277777777777777 0.6368998628257887
1 0.8226466049382715 0.5665980795610425 0.8226466049382715 0.5957475994513032 0.8371141975308641 0.5991769547325103 0.8409722222222221 0.5751714677640603
1 0.42623456790123454 0.6146090534979424 0.42623456790123454 0.6471879286694101 0.4445601851851852 0.6506172839506172 0.4407021604938271 0.6077503429355281
1 0.6856867283950617 0.41056241426611795 0.6876157407407407 0.437997256515775 0.7030478395061728 0.4448559670781893 0.7030478395061728 0.4019890260631001
0 0.30952932098765434 0.05390946502057613 0.2921682098765432 0.08991769547325103 0.2940972222222222 0.12078189300411521 0.30470679012345675 0.1619341563786008 0.30567129629629625 0.1979423868312757 0.3297839506172839 0.22023319615912207 0.343287037037037 0.22023319615912207 0.3596836419753086 0.17908093278463647 0.3654706790123457 0.1379286694101509 0.36450617283950615 0.12421124828532233 0.37318672839506173 0.08648834019204388 0.37318672839506173 0.04190672153635116 0.35100308641975303 0.026474622770919057 0.3375 0.024759945130315493
1 0.5554783950617284 0.9318244170096021 0.5545138888888889 0.9592592592592593 0.5728395061728394 0.9609739368998628 0.571875 0.9283950617283949
