1 0.8303626543209877 0.5305898491083676 0.8303626543209877 0.564883401920439 0.8506172839506172 0.5700274348422496 0.8496527777777777 0.5340192043895746
1 0.5988811728395061 0.4637174211248285 0.5892361111111111 0.47057613168724266 0.5844135802469135 0.4860082304526748 0.5892361111111111 0.504869684499314 0.6065972222222221 0.5048696844993141 0.6085262345679011 0.4740054869684498
1 0.5988811728395061 0.4637174211248285 0.5892361111111111 0.47057613168724266 0.5844135802469135 0.4860082304526748 0.5892361111111111 0.504869684499314 0.6065972222222221 0.5048696844993141 0.6085262345679011 0.4740054869684498
1 0.16967592592592592 0.11906721536351166 0.16967592592592592 0.15336076817558297 0.18896604938271602 0.15507544581618654 0.19089506172839504 0.11735253772290809
1 0.5902006172839507 0.13106995884773662 0.5940586419753087 0.17565157750342936 0.6162422839506173 0.17565157750342936 0.6114197530864197 0.13964334705075446
1 0.3143518518518518 0.7123456790123456 0.3143518518518518 0.7483539094650206 0.33653549382716047 0.7517832647462277 0.3375 0.7106310013717421
1 0.9364583333333332 0.4688614540466392 0.9374228395061728 0.5134430727023319 0.9586419753086418 0.5134430727023319 0.9576774691358024 0.47057613168724277
1 0.5304012345679012 0.42085048010973936 0.5265432098765432 0.45 0.5439043209876543 0.46028806584362136 0.5496913580246914 0.42942386831275714
2 0.30470679012345675 0.060768175582990386 0.2892746913580247 0.09334705075445816 0.30663580246913574 0.11049382716049382 0.3278549382716049 0.06934156378600823 0.3143518518518518 0.048765432098765424
1 0.08672839506172839 0.27167352537722905 0.08576388888888889 0.30596707818930036 0.10119598765432097 0.31454046639231825 0.10794753086419752 0.28367626886145403
1 0.5217206790123456 0.8632373113854594 0.5197916666666667 0.8941015089163237 0.5419753086419753 0.900960219478738 0.5419753086419753 0.8666666666666666
1 0.7136574074074074 0.7380658436213992 0.7126929012345679 0.7689300411522633 0.7348765432098765 0.7757887517146776 0.7329475308641975 0.7312071330589849
