9 0.7033371913580246 0.26138545953360764 0.7120177469135801 0.22709190672153634 0.7322723765432098 0.22023319615912207 0.747704475308642 0.21680384087791496 0.7669945987654321 0.23395061728395058 0.7872492283950617 0.25624142661179694 0.8084683641975308 0.25624142661179694 0.8103973765432098 0.23909465020576132 0.8036458333333333 0.22023319615912207 0.7862847222222221 0.20480109739368996 0.7650655864197531 0.18422496570644717 0.7361304012345679 0.18079561042524003 0.7120177469135801 0.19279835390946504 0.6956211419753087 0.20994513031550066 0.6879050925925925 0.2528120713305898 0.6850115740740741 0.2699588477366255 0.6927276234567901 0.2785322359396433
1 0.6502893518518518 0.5237311385459533 0.6493248456790124 0.5494513031550069 0.6637924382716048 0.5528806584362139 0.6657214506172838 0.5254458161865568
1 0.5731288580246914 0.6831961591220851 0.5731288580246914 0.7123456790123456 0.5895254629629629 0.7123456790123456 0.5904899691358024 0.6866255144032921
22 0.2220486111111111 0.32311385459533604 0.21433256172839504 0.36083676268861453 0.21819058641975309 0.3831275720164609 0.23748070987654318 0.39855967078189297 0.2558063271604938 0.3968449931412894 0.2693094135802469 0.36941015089163237 0.2702739197530864 0.3316872427983539 0.2606288580246913 0.3093964334705075 0.24905478395061728 0.3042524005486968 0.23362268518518517 0.3042524005486968
1 0.3483989197530864 0.2665294924554184 0.3464699074074074 0.29739368998628257 0.35997299382716047 0.3008230452674897 0.36961805555555555 0.2802469135802469 0.362866512345679 0.2699588477366255
1 0.6676504629629629 0.5820301783264745 0.6628279320987654 0.604320987654321 0.675366512345679 0.6146090534979424 0.6859760802469135 0.5906035665294924
1 0.13331404320987653 0.062482853223593954 0.13234953703703703 0.08820301783264745 0.14585262345679012 0.09506172839506172 0.15067515432098766 0.07277091906721535
1 0.3657600308641975 0.4877229080932784 0.3657600308641975 0.5134430727023319 0.38022762345679006 0.5151577503429355 0.38119212962962956 0.48429355281207126
1 0.05133101851851851 0.7912208504801097 0.0484375 0.8220850480109738 0.06676311728395062 0.8323731138545953 0.07062114197530864 0.7929355281207132
0 0.5316550925925925 0.8083676268861453 0.5085069444444444 0.8100823045267489 0.4786072530864197 0.8358024691358025 0.45063657407407404 0.8443758573388203 0.45063657407407404 0.8889574759945129 0.4728202160493827 0.900960219478738 0.48439429012345675 0.9386831275720163 0.5114004629629629 0.9438271604938271 0.526832561728395 0.8906721536351165 0.5519097222222221 0.8666666666666666 0.601099537037037 0.8632373113854594 0.6213541666666667 0.8460905349794238 0.6387152777777777 0.7997942386831275 0.6406442901234567 0.7792181069958848 0.6155671296296297 0.7689300411522633 0.5924189814814814 0.7792181069958848 0.5673418209876543 0.7757887517146776 0.5480516975308641 0.7895061728395062
1 0.2779899691358025 0.26481481481481484 0.2750964506172839 0.29224965706447187 0.2876350308641975 0.3008230452674897 0.29438657407407404 0.2733882030178326
0 0.9164930555555555 0.09677640603566529 0.8846643518518518 0.18422496570644717 0.8701967592592592 0.22537722908093277 0.8894868827160494 0.25109739368998624 0.9087770061728394 0.24423868312757202 0.9251736111111111 0.18936899862825785 0.9280671296296296 0.17908093278463647 0.9425347222222221 0.14821673525377227 0.9444637345679011 0.12078189300411521 0.9261381172839506 0.10877914951989025
0 0.7930362654320987 0.27167352537722905 0.7804976851851851 0.2905349794238683 0.7776041666666667 0.31454046639231825 0.7776041666666667 0.32311385459533604 0.7853202160493827 0.3539780521262002 0.8132908950617284 0.3676954732510288 0.8287229938271604 0.3625514403292181 0.8258294753086418 0.3111111111111111 0.8200424382716048 0.28196159122085046
1 0.5220100308641975 0.4688614540466392 0.5181520061728394 0.49801097393689986 0.5364776234567901 0.5065843621399176 0.5384066358024691 0.4860082304526748
