1 0.5837384259259258 0.32139917695473247 0.5789158950617284 0.3454046639231824 0.593383487654321 0.3556927297668038 0.601099537037037 0.33340192043895744 0.597241512345679 0.31454046639231825
1 0.4940393518518518 0.17050754458161863 0.4911458333333333 0.19965706447187928 0.507542438271605 0.20651577503429353 0.5123649691358024 0.17050754458161863
1 0.6319637345679011 0.45 0.6281057098765431 0.47914951989026056 0.6435378086419753 0.48429355281207126 0.6483603395061728 0.46200274348422493 0.6416087962962963 0.44314128943758574
1 0.2741319444444444 0.2802469135802469 0.2741319444444444 0.3076817558299039 0.29342206790123454 0.3111111111111111 0.29342206790123454 0.28196159122085046
1 0.4554591049382716 0.38655692729766805 0.44774305555555555 0.4071330589849108 0.46606867283950615 0.42256515775034287 0.47474922839506173 0.39341563786008227 0.4708912037037037 0.3762688614540466
0 0.9975115740740741 0.2545267489711934 0.9743634259259258 0.29910836762688614 0.9483217592592592 0.29396433470507544 0.9087770061728394 0.3522633744855967 0.8576581790123456 0.41570644718792865 0.8402970679012345 0.45 0.8132908950617284 0.5048696844993141 0.8046103395061728 0.5580246913580247 0.8075038580246914 0.6231824417009602 0.8210069444444444 0.6334705075445817 0.8113618827160494 0.6609053497942387 0.7959297839506172 0.6814814814814815 0.7959297839506172 0.69519890260631 0.8055748456790124 0.7312071330589849 0.8123263888888889 0.7569272976680383 0.8123263888888889 0.7757887517146776 0.8171489197530863 0.8100823045267489 0.8152199074074074 0.8306584362139917 0.8065393518518518 0.8718106995884773 0.7853202160493827 0.89238683127572 0.7795331790123456 0.8975308641975308 0.7727816358024691 0.9626886145404664 0.7708333333333334 0.9990740740740741 0.9994791666666667 0.9990740740740741 0.9994791666666667 0.25925925925925924
1 0.5740933641975308 0.2082304526748971 0.5740933641975308 0.24080932784636488 0.5895254629629629 0.24252400548696845 0.5904899691358024 0.21165980795610423
1 0.1477816358024691 0.18593964334705074 0.14585262345679012 0.21851851851851853 0.16803626543209876 0.22709190672153634 0.16707175925925927 0.19279835390946504
1 0.21143904320987653 0.734636488340192 0.21047453703703703 0.7672153635116598 0.22783564814814813 0.7689300411522633 0.22880015432098763 0.7380658436213992
0 0.11595293209876542 0.3179698216735254 0.09955632716049381 0.3522633744855967 0.09859182098765432 0.39513031550068584 0.0956983024691358 0.437997256515775 0.12173996913580247 0.46028806584362136 0.1477816358024691 0.46543209876543207 0.16900077160493826 0.4448559670781893 0.1757523148148148 0.4122770919067215 0.16996527777777776 0.36598079561042524 0.15163966049382716 0.31454046639231825 0.12559799382716047 0.30596707818930036
1 0.44967206790123454 0.026474622770919057 0.44677854938271605 0.05390946502057613 0.4602816358024691 0.06419753086419751 0.4651041666666666 0.03847736625514402
1 0.6985146604938272 0.060768175582990386 0.6946566358024691 0.08991769547325103 0.7100887345679011 0.09677640603566529 0.7139467592592592 0.0659122085048011
