1 0.45842978395061723 0.2733882030178326 0.45746527777777773 0.29910836762688614 0.47289737654320985 0.3008230452674897 0.47289737654320985 0.2733882030178326
1 0.37934027777777773 0.3711248285322359 0.37934027777777773 0.39855967078189297 0.39573688271604934 0.3968449931412894 0.39380787037037035 0.3711248285322359
1 0.5008680555555556 0.3625514403292181 0.5018325617283951 0.38827160493827156 0.5172646604938271 0.38998628257887513 0.5153356481481481 0.3676954732510288
0 0.8712384259259258 0.011042524005486967 0.8789544753086419 0.03676268861454046 0.8857060185185185 0.06419753086419751 0.884741512345679 0.07448559670781892 0.8731674382716048 0.08305898491083676 0.8799189814814814 0.11049382716049382 0.8876350308641975 0.11735253772290809 0.8972800925925924 0.1259259259259259 0.9059606481481481 0.15336076817558297 0.9107831790123456 0.16879286694101506 0.9156057098765431 0.19279835390946504 0.9175347222222221 0.20480109739368996 0.9281442901234568 0.23395061728395058 0.9435763888888888 0.24766803840877913 0.9512924382716048 0.26138545953360764 0.9291087962962962 0.27167352537722905 0.9175347222222221 0.28539094650205754 0.90210262345679 0.29224965706447187 0.884741512345679 0.26310013717421127 0.8789544753086419 0.2579561042524005 0.8596643518518517 0.2785322359396433 0.8490547839506172 0.27167352537722905 0.8336226851851851 0.22709190672153634 0.8268711419753085 0.26481481481481484 0.8297646604938271 0.28367626886145403 0.8365162037037037 0.3076817558299039 0.8394097222222221 0.3179698216735254 0.8442322530864197 0.3505486968449931 0.8558063271604938 0.37798353909465016 0.8731674382716048 0.39513031550068584 0.8876350308641975 0.4088477366255144 0.9098186728395061 0.4191358024691358 0.9310378086419752 0.42256515775034287 0.9320023148148148 0.47057613168724277 0.9320023148148148 0.4825788751714677 0.9426118827160493 0.5254458161865568 0.9705825617283951 0.4637174211248285 0.978298611111111 0.4551440329218107 0.9763695987654321 0.47229080932784634 0.9985532407407407 0.5100137174211248 0.9994791666666667 0.024074074074074074 0.9966242283950617 0.004183813443072702
0 0.8268711419753085 0.6694787379972564 0.8095100308641975 0.6900548696844993 0.8046875 0.7123456790123456 0.7969714506172838 0.7792181069958848 0.808545524691358 0.762071330589849 0.8114390432098765 0.7792181069958848 0.8172260802469135 0.7843621399176954 0.82397762345679 0.7997942386831275 0.8172260802469135 0.8152263374485595 0.8056520061728395 0.837517146776406 0.7989004629629629 0.8700960219478737 0.7989004629629629 0.9043895747599451 0.8114390432098765 0.9061042524005487 0.8230131172839505 0.8855281207133059 0.8374807098765431 0.8838134430727023 0.8471257716049382 0.8906721536351165 0.8625578703703703 0.9026748971193416 0.8712384259259258 0.9181069958847735 0.8924575617283951 0.9181069958847735 0.8992091049382716 0.912962962962963 0.8818479938271604 0.8889574759945129 0.8914930555555555 0.8632373113854594 0.9049961419753085 0.8478052126200274 0.9175347222222221 0.8203703703703703 0.9078896604938271 0.798079561042524 0.8934220679012345 0.7895061728395062 0.8789544753086419 0.7500685871056241 0.888599537037037 0.7243484224965705 0.8953510802469135 0.7106310013717421 0.900173611111111 0.6814814814814815 0.9011381172839505 0.6489026063100137 0.8943865740740741 0.6489026063100137 0.8770254629629629 0.6643347050754458 0.8529128086419752 0.6660493827160493
1 0.6166087962962963 0.40027434842249654 0.6146797839506173 0.4311385459533607 0.6330054012345678 0.4328532235939643 0.6320408950617283 0.39855967078189297
1 0.7391010802469135 0.24766803840877913 0.7352430555555555 0.2785322359396433 0.7583912037037037 0.28196159122085046 0.7574266975308641 0.2528120713305898
1 0.5577739197530864 0.15507544581618654 0.5577739197530864 0.18936899862825785 0.5712770061728395 0.18936899862825785 0.572241512345679 0.16364883401920438
1 0.2848186728395062 0.1722222222222222 0.2828896604938272 0.19965706447187928 0.30314429012345673 0.20651577503429353 0.30314429012345673 0.17908093278463647
2 0.42563657407407407 0.489437585733882 0.4391396604938271 0.4688614540466392 0.43045910493827155 0.45342935528120715 0.41116898148148145 0.4688614540466392
1 0.4671103395061728 0.42770919067215357 0.46614583333333326 0.4568587105624142 0.4844714506172839 0.4551440329218107 0.48157793209876537 0.42427983539094644
0 0.49990354938271603 0.16536351165980795 0.49218749999999994 0.2082304526748971 0.49604552469135804 0.23052126200274345 0.5018325617283951 0.24423868312757202 0.5191936728395061 0.2596707818930041 0.5346257716049383 0.2528120713305898 0.5433063271604938 0.23223593964334702 0.5471643518518517 0.20137174211248285 0.5433063271604938 0.17565157750342936 0.5355902777777778 0.16364883401920438 0.5259452160493827 0.15507544581618654 0.513406635802469 0.15336076817558297
