1 0.6068865740740741 0.16879286694101506 0.5982060185185184 0.19622770919067214 0.6165316358024691 0.21165980795610423 0.6271412037037037 0.18079561042524003
1 0.5393711419753087 0.10020576131687241 0.5393711419753087 0.12764060356652948 0.5519097222222221 0.1379286694101509 0.5548032407407407 0.11220850480109737 0.5499807098765431 0.09334705075445816
1 0.4622106481481481 0.8872427983539094 0.45738811728395057 0.9198216735253772 0.47474922839506173 0.9283950617283949 0.4786072530864197 0.900960219478738
0 0.7178047839506172 0.42427983539094644 0.6859760802469135 0.4997256515775034 0.6560763888888889 0.5957475994513032 0.6531828703703704 0.6146090534979424 0.6445023148148148 0.6643347050754458 0.6059220679012345 0.679766803840878 0.603028549382716 0.6420438957475995 0.5847029320987654 0.6489026063100137 0.5683063271604938 0.6574759945130315 0.5441936728395061 0.67119341563786 0.5326195987654321 0.6266117969821673 0.5258680555555555 0.592318244170096 0.5335841049382716 0.564883401920439 0.5094714506172839 0.5425925925925926 0.5114004629629629 0.4945816186556927 0.5152584876543209 0.46714677640603564 0.5181520061728394 0.44314128943758574 0.5326195987654321 0.39855967078189297 0.522974537037037 0.3814128943758573 0.5181520061728394 0.32139917695473247 0.5191165123456789 0.3042524005486968 0.5364776234567901 0.28539094650205754 0.5538387345679011 0.29910836762688614 0.5692708333333333 0.3265432098765432 0.6001350308641975 0.30596707818930036 0.6194251543209877 0.2733882030178326 0.6502893518518518 0.29224965706447187 0.683082561728395 0.32139917695473247 0.7081597222222221 0.3316872427983539 0.7139467592592592 0.3848422496570645
0 0.7689236111111111 0.3454046639231824 0.7679591049382715 0.38827160493827156 0.7756751543209877 0.4397119341563785 0.7911072530864197 0.46200274348422493 0.8084683641975308 0.42770919067215357 0.8161844135802468 0.38827160493827156 0.8181134259259258 0.3454046639231824 0.7959297839506172 0.3179698216735254 0.774710648148148 0.3248285322359396 0.7679591049382715 0.3625514403292181
1 0.37058256172839504 0.04705075445816186 0.366724537037037 0.08134430727023319 0.38601466049382716 0.08305898491083676 0.38601466049382716 0.04190672153635116
1 0.42363040123456785 0.23566529492455415 0.41880787037037037 0.26138545953360764 0.4371334876543209 0.27681755829903976 0.44677854938271605 0.23566529492455415
1 0.759278549382716 0.14478737997256513 0.755420524691358 0.16707818930041152 0.7727816358024691 0.1773662551440329 0.7776041666666667 0.14135802469135803
1 0.05518904320987654 0.42427983539094644 0.053260030864197526 0.4585733882030178 0.07255015432098764 0.46028806584362136 0.07255015432098764 0.42599451303155
1 0.4766782407407407 0.37798353909465016 0.4708912037037037 0.4054183813443072 0.4911458333333333 0.4139917695473251 0.4940393518518518 0.3848422496570645
1 0.4679976851851852 0.03676268861454046 0.4679976851851852 0.05562414266117969 0.4776427469135802 0.06419753086419751 0.48246527777777776 0.050480109739368985 0.48246527777777776 0.03161865569272976
0 0.18829089506172839 0.21680384087791496 0.21819058641975309 0.22537722908093277 0.22880015432098763 0.22537722908093277 0.24905478395061728 0.2150891632373114 0.2722029320987654 0.18079561042524003 0.30113811728395057 0.14821673525377227 0.3156057098765432 0.11049382716049382 0.3175347222222222 0.09334705075445816 0.3223572530864197 0.050480109739368985 0.29535108024691353 0.05562414266117969 0.2837770061728395 0.062482853223593954 0.2779899691358025 0.04705075445816186 0.26545138888888886 0.011042524005486967 0.24905478395061728 0.0007544581618655644 0.23169367283950618 0.004183813443072702 0.21433256172839504 0.029903978052126193 0.20372299382716047 0.04705075445816186 0.1612847222222222 0.08477366255144032 0.15549768518518517 0.12421124828532233 0.17864583333333334 0.17908093278463647
