1 0.6268518518518518 0.36598079561042524 0.6268518518518518 0.3917009602194787 0.6403549382716048 0.39341563786008227 0.6403549382716048 0.3625514403292181
1 0.4484182098765432 0.6111796982167352 0.4464891975308642 0.643758573388203 0.46385030864197524 0.643758573388203 0.46481481481481474 0.6146090534979424
1 0.5053240740740741 0.17908093278463647 0.5072530864197531 0.20651577503429353 0.5197916666666667 0.20651577503429353 0.5188271604938272 0.17565157750342936
1 0.40019290123456785 0.5271604938271605 0.40019290123456785 0.5614540466392318 0.4165895061728395 0.5614540466392318 0.4165895061728395 0.5237311385459533
22 0.7078703703703704 0.8615226337448558 0.6856867283950617 0.8872427983539094 0.7078703703703704 0.9386831275720163 0.726195987654321 0.9266803840877914
1 0.6885802469135801 0.03847736625514402 0.6876157407407407 0.06419753086419751 0.7001543209876543 0.06419753086419751 0.7020833333333333 0.04190672153635116
1 0.2333333333333333 0.22880658436213988 0.2323688271604938 0.26481481481481484 0.255516975308642 0.2682441700960219 0.25358796296296293 0.22880658436213988
1 0.17932098765432097 0.6214677640603565 0.17739197530864195 0.6489026063100137 0.19475308641975309 0.6540466392318244 0.1966820987654321 0.6180384087791495
1 0.28541666666666665 0.7586419753086419 0.28541666666666665 0.7895061728395062 0.30277777777777776 0.7895061728395062 0.3008487654320987 0.762071330589849
0 0.22851080246913577 0.4551440329218107 0.2121141975308642 0.42770919067215357 0.20439814814814813 0.45 0.20729166666666668 0.4877229080932784 0.21404320987654318 0.5048696844993141 0.23622685185185185 0.5185871056241426 0.255516975308642 0.5305898491083676 0.255516975308642 0.4877229080932784 0.2468364197530864 0.46028806584362136 0.24201388888888886 0.4551440329218107
0 0.33267746913580243 0.057338820301783264 0.31145833333333334 0.0659122085048011 0.30277777777777776 0.09506172839506172 0.3008487654320987 0.1259259259259259 0.31242283950617283 0.14821673525377227 0.3278549382716049 0.17050754458161863 0.3529320987654321 0.16707818930041152 0.3722222222222222 0.1362139917695473 0.3789737654320987 0.10706447187928668 0.3780092592592592 0.07791495198902607 0.3654706790123457 0.06762688614540467 0.35100308641975303 0.0659122085048011
0 0.648070987654321 0.5460219478737998 0.6403549382716048 0.568312757201646 0.6297453703703704 0.6008916323731138 0.6345679012345679 0.6334705075445817 0.6625385802469135 0.6677640603566529 0.6827932098765431 0.679766803840878 0.7088348765432098 0.6746227709190671 0.7348765432098765 0.7140603566529492 0.7406635802469135 0.7466392318244169 0.7290895061728394 0.7740740740740739 0.728125 0.7843621399176954 0.728125 0.8220850480109738 0.7445216049382715 0.852949245541838 0.7560956790123456 0.8718106995884773 0.7734567901234567 0.8975308641975308 0.7908179012345679 0.9095336076817558 0.80625 0.9421124828532237 0.8091435185185184 0.9901234567901234 0.8255401234567901 0.9986968449931413 0.8834104938271604 0.9986968449931413 0.884375 0.9712620027434841 0.9052083333333333 0.9990740740740741 0.9854166666666667 0.9990740740740741 0.9991512345679011 0.9935528120713305 0.9904706790123455 0.952400548696845 0.9808256172839506 0.9266803840877914 0.966358024691358 0.8786694101508916 0.9596064814814814 0.8392318244170096 0.9769675925925925 0.7963648834019204 0.9673225308641975 0.7843621399176954 0.9489969135802468 0.7414951989026063 0.9470679012345679 0.7260631001371741 0.9470679012345679 0.6831961591220851 0.9219907407407407 0.6471879286694101 0.9162037037037037 0.6403292181069958 0.9007716049382715 0.6214677640603565 0.8708719135802468 0.5940329218106996 0.8544753086419752 0.5820301783264745 0.8467592592592592 0.5631687242798353 0.8467592592592592 0.5425925925925926 0.8380787037037037 0.5220164609053497 0.813966049382716 0.5237311385459533 0.8033564814814814 0.5254458161865568 0.7589891975308641 0.5391632373113855 0.737770061728395 0.5374485596707819 0.7290895061728394 0.5374485596707819 0.6934027777777777 0.5237311385459533 0.6644675925925925 0.5048696844993141 0.6528935185185184 0.4945816186556927
0 0.7589891975308641 0.42427983539094644 0.751273148148148 0.44314128943758574 0.7493441358024691 0.4688614540466392 0.7638117283950617 0.47914951989026056 0.7763503086419752 0.4808641975308641 0.7821373456790124 0.47057613168724277 0.7802083333333333 0.42770919067215357 0.7715277777777777 0.4174211248285322
1 0.5448688271604938 0.4174211248285322 0.5429398148148148 0.44828532235939644 0.5574074074074074 0.45 0.562229938271605 0.4139917695473251
