0 0.42623456790123454 0.32825788751714674 0.4407021604938271 0.34368998628257885 0.45806327160493826 0.3402606310013717 0.47542438271604937 0.36598079561042524 0.47831790123456785 0.3831275720164609 0.4860339506172839 0.40027434842249654 0.501466049382716 0.3917009602194787 0.5419753086419753 0.42256515775034287 0.5458333333333333 0.4568587105624142 0.5419753086419753 0.49801097393689986 0.5545138888888889 0.5203017832647462 0.5429398148148148 0.5665980795610425 0.5352237654320987 0.5974622770919067 0.5313657407407407 0.6231824417009602 0.5361882716049383 0.6609053497942387 0.5111111111111111 0.6831961591220851 0.49471450617283946 0.6609053497942387 0.49471450617283946 0.6283264746227708 0.49374999999999997 0.6180384087791495 0.48699845679012344 0.5888888888888889 0.47638888888888886 0.5786008230452674 0.46192129629629625 0.5597393689986282 0.4542052469135802 0.5254458161865568 0.4551697530864197 0.516872427983539 0.4455246913580247 0.4585733882030178 0.42816358024691353 0.44828532235939644 0.4117669753086419 0.44314128943758574 0.4069444444444444 0.42599451303155 0.41080246913580243 0.39513031550068584 0.40983796296296293 0.374554183813443 0.4021219135802469 0.3505486968449931 0.39537037037037037 0.32825788751714674 0.4050154320987654 0.295679012345679 0.4204475308641975 0.295679012345679
1 0.3288194444444444 0.47057613168724277 0.3288194444444444 0.501440329218107 0.34425154320987655 0.501440329218107 0.343287037037037 0.47400548696844985
1 0.5072530864197531 0.2665294924554184 0.5072530864197531 0.29910836762688614 0.5217206790123456 0.29396433470507544 0.5217206790123456 0.2665294924554184
1 0.7618827160493827 0.4311385459533607 0.7618827160493827 0.46028806584362136 0.7811728395061728 0.46028806584362136 0.7811728395061728 0.42770919067215357
1 0.568016975308642 0.8306584362139917 0.568016975308642 0.8580932784636488 0.5844135802469135 0.8580932784636488 0.5824845679012345 0.8323731138545953
1 0.4117669753086419 0.9112482853223592 0.4117669753086419 0.9421124828532237 0.42623456790123454 0.94039780521262 0.42623456790123454 0.912962962962963
1 0.24201388888888886 0.33854595336076815 0.24008487654320987 0.3711248285322359 0.25937499999999997 0.3762688614540466 0.261304012345679 0.33854595336076815
1 0.34618055555555555 0.17565157750342936 0.34618055555555555 0.20651577503429353 0.36257716049382716 0.20651577503429353 0.36257716049382716 0.1739368998628258
1 0.6085262345679011 0.3008230452674897 0.6027391975308641 0.3299725651577503 0.6229938271604938 0.33854595336076815 0.6220293209876543 0.3128257887517147
1 0.8496527777777777 0.7483539094650206 0.8496527777777777 0.7740740740740739 0.8670138888888889 0.7775034293552812 0.8679783950617284 0.7432098765432098
1 0.6866512345679011 0.13964334705075446 0.6856867283950617 0.16879286694101506 0.7001543209876543 0.1773662551440329 0.7059413580246914 0.14307270233196157
0 0.2738425925925926 0.07448559670781892 0.261304012345679 0.101920438957476 0.27287808641975303 0.12421124828532233 0.2979552469135802 0.13449931412894373 0.3162808641975309 0.12421124828532233 0.3346064814814815 0.10363511659807956 0.339429012345679 0.07791495198902607 0.3278549382716049 0.057338820301783264 0.2969907407407407 0.05219478737997256
