1 0.9152391975308641 0.04190672153635116 0.9152391975308641 0.07448559670781892 0.9297067901234567 0.06934156378600823 0.9297067901234567 0.03333333333333333
1 0.8515817901234567 0.4997256515775034 0.8496527777777777 0.5237311385459533 0.8621913580246914 0.5237311385459533 0.8621913580246914 0.4997256515775034
1 0.6972608024691358 0.6231824417009602 0.6982253086419753 0.6557613168724279 0.7146219135802468 0.6540466392318244 0.7126929012345679 0.6214677640603565
1 0.1841435185185185 0.6814814814814815 0.18607253086419753 0.7123456790123456 0.2034336419753086 0.7123456790123456 0.20054012345679012 0.6763374485596707
1 0.34618055555555555 0.1739368998628258 0.34425154320987655 0.20651577503429353 0.35775462962962956 0.2082304526748971 0.36257716049382716 0.18079561042524003
0 0.27094907407407404 0.13964334705075446 0.263233024691358 0.1619341563786008 0.2564814814814815 0.1979423868312757 0.27094907407407404 0.20994513031550066 0.2883101851851852 0.20994513031550066 0.2979552469135802 0.1739368998628258 0.2921682098765432 0.14135802469135803 0.28059413580246917 0.1362139917695473
0 0.6278163580246914 0.10706447187928668 0.5988811728395061 0.10534979423868313 0.577662037037037 0.11735253772290809 0.5564429012345679 0.16021947873799722 0.5535493827160494 0.1773662551440329 0.5275077160493827 0.19965706447187928 0.516898148148148 0.24595336076817556 0.5149691358024691 0.295679012345679 0.497608024691358 0.32311385459533604 0.4821759259259259 0.3265432098765432 0.46288580246913574 0.3299725651577503 0.4368441358024691 0.34368998628257885 0.42816358024691353 0.374554183813443 0.42623456790123454 0.42427983539094644 0.42334104938271605 0.44314128943758574 0.4040509259259259 0.4962962962962963 0.40887345679012344 0.5374485596707819 0.4165895061728395 0.5545953360768175 0.40019290123456785 0.5854595336076818 0.37318672839506173 0.5751714677640603 0.3876543209876543 0.6300411522633744 0.4030864197530864 0.6300411522633744 0.4040509259259259 0.6660493827160493 0.38283179012345675 0.679766803840878 0.38572530864197524 0.7157750342935527 0.3944058641975309 0.7243484224965705 0.4136959876543209 0.7723593964334704 0.4300925925925926 0.7877914951989026 0.47445987654320987 0.8340877914951988 0.5091820987654321 0.8786694101508916 0.5477623456790124 0.8975308641975308 0.568016975308642 0.8975308641975308 0.569945987654321 0.8426611796982166 0.5786265432098765 0.8203703703703703 0.5940586419753087 0.8409465020576131 0.6229938271604938 0.8443758573388203 0.6297453703703704 0.8272290809327846 0.6297453703703704 0.8066529492455418 0.6567515432098765 0.8032235939643346 0.6683256172839506 0.7877914951989026 0.6683256172839506 0.7466392318244169 0.659645061728395 0.7020576131687243 0.6779706790123456 0.679766803840878 0.6847222222222221 0.6523319615912209 0.6876157407407407 0.6283264746227708 0.6644675925925925 0.604320987654321 0.653858024691358 0.5991769547325103 0.6422839506172838 0.5768861454046639 0.6567515432098765 0.5665980795610425 0.6760416666666667 0.5580246913580247 0.6760416666666667 0.5305898491083676 0.6779706790123456 0.489437585733882 0.6914737654320987 0.4568587105624142 0.7040123456790124 0.4362825788751714 0.7252314814814814 0.3917009602194787 0.7406635802469135 0.4311385459533607 0.7560956790123456 0.4139917695473251 0.7580246913580246 0.3796982167352537 0.7580246913580246 0.3265432098765432 0.7406635802469135 0.3128257887517147 0.7194444444444444 0.28196159122085046 0.7011188271604938 0.27681755829903976 0.6895447530864197 0.24080932784636488 0.6789351851851851 0.23052126200274345 0.6770061728395061 0.18593964334705074 0.6779706790123456 0.1773662551440329 0.6837577160493827 0.1516460905349794 0.6837577160493827 0.14307270233196157 0.6885802469135801 0.10877914951989025 0.6779706790123456 0.10020576131687241 0.6606095679012345 0.10534979423868313 0.6384259259259258 0.11563786008230452
1 0.21404320987654318 0.3556927297668038 0.21404320987654318 0.3814128943758573 0.22754629629629627 0.3831275720164609 0.22754629629629627 0.3556927297668038
1 0.28155864197530867 0.4860082304526748 0.27962962962962956 0.516872427983539 0.2969907407407407 0.5185871056241426 0.2979552469135802 0.4860082304526748
1 0.8438657407407407 0.9095336076817558 0.8467592592592592 0.9335390946502057 0.8602623456790124 0.9352537722908092 0.8573688271604938 0.9095336076817558
2 0.7792438271604938 0.501440329218107 0.7753858024691358 0.5254458161865568 0.7956404320987654 0.5305898491083676 0.7956404320987654 0.49801097393689986
