0 0.7844328703703703 0.0007544581618655644 0.7718942901234568 0.03847736625514402 0.7805748456790124 0.08305898491083676 0.7873263888888888 0.12935528120713305 0.8075810185185185 0.16364883401920438 0.8355516975308641 0.19108367626886147 0.8615933641975307 0.18079561042524003 0.8789544753086419 0.16364883401920438 0.8789544753086419 0.11563786008230452 0.8828125 0.01275720164609053 0.8828125 0.0007544581618655644 0.8682291666666667 0.0 0.7869791666666667 0.0
0 0.642650462962963 0.49801097393689986 0.6754436728395061 0.5134430727023319 0.6812307098765431 0.4688614540466392 0.7024498456790124 0.47229080932784634 0.7140239197530864 0.4945816186556927 0.7255979938271604 0.4517146776406036 0.730420524691358 0.43456790123456784 0.7487461419753086 0.4465706447187929 0.7603202160493827 0.4688614540466392 0.7680362654320987 0.5065843621399176 0.7661072530864197 0.5494513031550069 0.7728587962962962 0.5545953360768175 0.7989004629629629 0.5477366255144033 0.8143325617283951 0.5477366255144033 0.8336226851851851 0.5631687242798353 0.8355516975308641 0.5940329218106996 0.8056520061728395 0.6094650205761316 0.8181905864197531 0.643758573388203 0.7979359567901234 0.6814814814814815 0.7593557098765431 0.6729080932784636 0.7371720679012345 0.6694787379972564 0.7169174382716048 0.6969135802469135 0.7275270061728395 0.7363511659807956 0.6937692901234568 0.734636488340192 0.6889467592592592 0.7037722908093278 0.6860532407407407 0.69519890260631 0.669656635802469 0.69519890260631 0.6532600308641975 0.679766803840878 0.650366512345679 0.6626200274348422 0.6262538580246914 0.6694787379972564 0.6059992283950617 0.6780521262002742 0.5905671296296297 0.6763374485596707 0.576099537037037 0.7054869684499313 0.5548804012345678 0.7037722908093278 0.5539158950617283 0.6866255144032921 0.5500578703703703 0.6368998628257887 0.5365547839506173 0.5854595336076818 0.5433063271604938 0.5563100137174211 0.5732060185185185 0.5751714677640603 0.5789930555555555 0.5511659807956104 0.5857445987654321 0.5185871056241426 0.6040702160493827 0.5185871056241426 0.6117862654320987 0.4877229080932784 0.6358989197530864 0.48429355281207126
0 0.3880208333333333 0.9935528120713305 0.41888503086419754 0.9198216735253772 0.4352816358024691 0.9078189300411522 0.4497492283950617 0.9215363511659806 0.4487847222222222 0.952400548696845 0.4227430555555555 0.9935528120713305 0.4203125 0.9990740740740741 0.38697916666666665 0.9990740740740741
0 0.06684027777777776 0.1567901234567901 0.09191743827160494 0.22023319615912207 0.10638503086419752 0.2545267489711934 0.11410108024691357 0.28539094650205754 0.1179591049382716 0.3196844993141289 0.09866898148148147 0.3316872427983539 0.09577546296296297 0.3419753086419753 0.0697337962962963 0.3402606310013717 0.05912422839506172 0.3179698216735254 0.05719521604938271 0.29739368998628257 0.04465663580246913 0.2545267489711934 0.04079861111111111 0.24080932784636488 0.03308256172839506 0.18765432098765428 0.03308256172839506 0.15336076817558297 0.036940586419753084 0.13278463648834019 0.04658564814814815 0.13278463648834019
1 0.49025848765432095 0.07620027434842248 0.49218749999999994 0.10706447187928668 0.5066550925925926 0.10363511659807956 0.5047260802469136 0.07277091906721535
1 0.5278742283950617 0.4088477366255144 0.5298032407407407 0.4328532235939643 0.5452353395061728 0.4328532235939643 0.5423418209876544 0.4071330589849108
1 0.6484375 0.3676954732510288 0.6484375 0.3968449931412894 0.6609760802469135 0.39341563786008227 0.6609760802469135 0.36598079561042524
1 0.35040509259259256 0.5974622770919067 0.35136959876543206 0.6231824417009602 0.3648726851851852 0.6317558299039779 0.36776620370370366 0.6026063100137173
1 0.7786458333333334 0.47914951989026056 0.7796103395061728 0.5082990397805213 0.7940779320987654 0.5082990397805213 0.7940779320987654 0.47914951989026056
1 0.8654513888888888 0.23566529492455415 0.8635223765432098 0.26310013717421127 0.8750964506172838 0.26481481481481484 0.8789544753086419 0.24080932784636488
2 0.7063078703703703 0.29396433470507544 0.6966628086419753 0.3162551440329218 0.7072723765432098 0.3402606310013717 0.724633487654321 0.30596707818930036
