0 0.5863425925925925 0.11392318244170097 0.5786265432098765 0.11563786008230452 0.5631944444444444 0.13964334705075446 0.562229938271605 0.18936899862825785 0.5631944444444444 0.23566529492455415 0.5930941358024691 0.2699588477366255 0.595023148148148 0.28882030178326473 0.6046682098765431 0.3248285322359396 0.6229938271604938 0.3522633744855967 0.6413194444444444 0.3625514403292181 0.6567515432098765 0.3625514403292181 0.6789351851851851 0.3814128943758573 0.6962962962962963 0.4139917695473251 0.7059413580246914 0.4551440329218107 0.7078703703703704 0.477434842249657 0.7126929012345679 0.5425925925925926 0.7146219135802468 0.5545953360768175 0.7223379629629628 0.5991769547325103 0.7570601851851851 0.5974622770919067 0.7782793209876543 0.580315500685871 0.804320987654321 0.5751714677640603 0.8284336419753086 0.5751714677640603 0.8486882716049382 0.5665980795610425 0.8448302469135801 0.5374485596707819 0.8621913580246914 0.5185871056241426 0.8650848765432098 0.4808641975308641 0.8457947530864197 0.46200274348422493 0.8448302469135801 0.4465706447187929 0.8612268518518518 0.40027434842249654 0.8699074074074074 0.38998628257887513 0.8467592592592592 0.3368312757201646 0.8419367283950617 0.33854595336076815 0.8265046296296296 0.3076817558299039 0.813966049382716 0.2905349794238683 0.7898533950617284 0.2682441700960219 0.7985339506172838 0.25109739368998624 0.7994984567901234 0.21680384087791496 0.8178240740740741 0.23395061728395058 0.8226466049382715 0.2030864197530864 0.815895061728395 0.18593964334705074 0.804320987654321 0.16536351165980795 0.804320987654321 0.15507544581618654 0.8072145061728394 0.12249657064471878 0.7821373456790124 0.11563786008230452 0.7695987654320987 0.12078189300411521 0.7483796296296296 0.11735253772290809 0.7223379629629628 0.0916323731138546 0.7011188271604938 0.09677640603566529 0.6818287037037037 0.08134430727023319 0.6490354938271604 0.07620027434842248 0.6307098765432098 0.0916323731138546 0.6143132716049382 0.10020576131687241 0.5959876543209877 0.10706447187928668
1 0.39537037037037037 0.6026063100137173 0.39537037037037037 0.6317558299039779 0.4117669753086419 0.6334705075445817 0.4136959876543209 0.6008916323731138
1 0.6152777777777777 0.45342935528120715 0.6114197530864197 0.4808641975308641 0.6249228395061728 0.48429355281207126 0.6316743827160494 0.4568587105624142
1 0.4320216049382716 0.3265432098765432 0.4320216049382716 0.35740740740740734 0.4493827160493827 0.3522633744855967 0.4493827160493827 0.3248285322359396
1 0.34521604938271605 0.6248971193415637 0.343287037037037 0.6540466392318244 0.36161265432098766 0.6557613168724279 0.36161265432098766 0.619753086419753
1 0.28155864197530867 0.8546639231824417 0.28155864197530867 0.8786694101508916 0.2989197530864197 0.8786694101508916 0.2979552469135802 0.852949245541838
1 0.25358796296296293 0.46200274348422493 0.25358796296296293 0.489437585733882 0.27287808641975303 0.4945816186556927 0.27094907407407404 0.46714677640603564
1 0.8824459876543209 0.18765432098765428 0.8824459876543209 0.22194787379972564 0.9046296296296296 0.2236625514403292 0.9027006172839506 0.19108367626886147
1 0.26998456790123454 0.6163237311385459 0.265162037037037 0.6454732510288066 0.28252314814814816 0.6540466392318244 0.2883101851851852 0.6300411522633744
0 0.16292438271604937 0.029903978052126193 0.17835648148148145 0.05562414266117969 0.1986111111111111 0.059053497942386825 0.2111496913580247 0.050480109739368985 0.2304398148148148 0.08134430727023319 0.23526234567901233 0.09849108367626884 0.2159722222222222 0.13106995884773662 0.2150077160493827 0.15850480109739368 0.2179012345679012 0.1739368998628258 0.2314043209876543 0.19108367626886147 0.24972993827160492 0.20651577503429353 0.25455246913580243 0.2236625514403292 0.27287808641975303 0.23737997256515772 0.2931327160493827 0.20480109739368996 0.27287808641975303 0.24252400548696845 0.27962962962962956 0.2665294924554184 0.29506172839506173 0.2699588477366255 0.31145833333333334 0.25624142661179694 0.3153163580246913 0.22880658436213988 0.3346064814814815 0.20137174211248285 0.35003858024691353 0.19108367626886147 0.3654706790123457 0.14821673525377227 0.3751157407407407 0.12764060356652948 0.3741512345679012 0.10363511659807956 0.3606481481481481 0.08305898491083676 0.3654706790123457 0.05219478737997256 0.3587191358024691 0.005898491083676265 0.35625 0.0 0.1609375 0.0 0.15906635802469135 0.007613168724279828
