1 0.5374421296296297 0.41570644718792865 0.5355131172839507 0.45 0.5528742283950617 0.4551440329218107 0.5586612654320987 0.41570644718792865 0.5470871913580246 0.4122770919067215
0 0.00021219135802469092 0.29224965706447187 0.014679783950617283 0.2785322359396433 0.02046682098765432 0.2579561042524005 0.0339699074074074 0.26138545953360764 0.041685956790123456 0.28196159122085046 0.044579475308641967 0.30596707818930036 0.057118055555555554 0.31454046639231825 0.07255015432098764 0.29739368998628257 0.08798225308641976 0.28539094650205754 0.0976273148148148 0.3042524005486968 0.10052083333333334 0.32825788751714674 0.10341435185185184 0.3402606310013717 0.10534336419753085 0.36426611796982167 0.11016589506172839 0.3917009602194787 0.08798225308641976 0.4088477366255144 0.07447916666666667 0.41056241426611795 0.06965663580246913 0.437997256515775 0.061940586419753085 0.46714677640603564 0.05422453703703703 0.49801097393689986 0.044579475308641967 0.5151577503429355 0.025289351851851848 0.5117283950617284 0.011786265432098764 0.4962962962962963 0.0 0.4962962962962963
1 0.4159143518518518 0.5185871056241426 0.41494984567901233 0.5494513031550069 0.4294174382716049 0.5494513031550069 0.4313464506172839 0.5151577503429355
1 0.6705439814814814 0.5391632373113855 0.669579475308642 0.5717421124828531 0.6879050925925925 0.5700274348422496 0.6888695987654321 0.5443072702331961
1 0.5924189814814814 0.23052126200274345 0.5924189814814814 0.2579561042524005 0.6097800925925925 0.26481481481481484 0.6107445987654321 0.23052126200274345
1 0.442920524691358 0.19965706447187928 0.44774305555555555 0.22880658436213988 0.4631751543209876 0.22709190672153634 0.4602816358024691 0.1979423868312757
1 0.286670524691358 0.021330589849108367 0.286670524691358 0.048765432098765424 0.30306712962962956 0.05219478737997256 0.3040316358024691 0.016186556927297667
1 0.440991512345679 0.3796982167352537 0.4371334876543209 0.40027434842249654 0.45160108024691353 0.41570644718792865 0.45931712962962956 0.3968449931412894 0.45642361111111107 0.3796982167352537
1 0.9618248456790124 0.5443072702331961 0.9618248456790124 0.5768861454046639 0.9782214506172838 0.580315500685871 0.9791859567901234 0.5443072702331961
1 0.5847029320987654 0.8683813443072701 0.5798804012345679 0.8975308641975308 0.5943479938271604 0.9026748971193416 0.601099537037037 0.8803840877914951
0 0.366724537037037 0.8632373113854594 0.3840856481481481 0.8752400548696845 0.4004822530864197 0.8820987654320988 0.41977237654320987 0.8906721536351165 0.43231095679012344 0.89238683127572 0.4380979938271604 0.8358024691358025 0.4371334876543209 0.8203703703703703 0.4313464506172839 0.7826474622770919 0.41398533950617283 0.7586419753086419 0.3889081790123457 0.7483539094650206 0.37347608024691353 0.7689300411522633 0.3609375 0.8015089163237311
