1 0.5545138888888889 0.33511659807956107 0.5554783950617284 0.3539780521262002 0.569945987654321 0.36083676268861453 0.571875 0.33511659807956107
1 0.8699074074074074 0.7809327846364883 0.8699074074074074 0.8100823045267489 0.8853395061728394 0.8100823045267489 0.8853395061728394 0.7826474622770919
0 0.6808641975308641 0.060768175582990386 0.6635030864197531 0.07448559670781892 0.648070987654321 0.0710562414266118 0.6403549382716048 0.11735253772290809 0.6654320987654321 0.14307270233196157 0.6702546296296297 0.1739368998628258 0.7059413580246914 0.18079561042524003 0.728125 0.18593964334705074 0.7609182098765431 0.21165980795610423 0.7869598765432098 0.22880658436213988 0.7917824074074074 0.19451303155006858 0.7937114197530863 0.17565157750342936 0.8091435185185184 0.14821673525377227 0.7908179012345679 0.12249657064471878 0.7705632716049382 0.08991769547325103 0.7435570987654321 0.12421124828532233 0.731983024691358 0.11735253772290809 0.7184799382716048 0.0916323731138546 0.7078703703703704 0.07277091906721535 0.6982253086419753 0.057338820301783264
1 0.47638888888888886 0.2030864197530864 0.47542438271604937 0.22880658436213988 0.48892746913580243 0.22880658436213988 0.4908564814814814 0.19965706447187928
1 0.6847222222222221 0.876954732510288 0.6847222222222221 0.9078189300411522 0.7011188271604938 0.912962962962963 0.7011188271604938 0.873525377229081
1 0.7821373456790124 0.3625514403292181 0.7821373456790124 0.3917009602194787 0.7956404320987654 0.38998628257887513 0.7956404320987654 0.36083676268861453
1 0.45131172839506173 0.619753086419753 0.45131172839506173 0.6368998628257887 0.4667438271604938 0.6471879286694101 0.4677083333333333 0.6163237311385459
1 0.5593364197530863 0.25109739368998624 0.5583719135802468 0.28196159122085046 0.5766975308641975 0.28710562414266116 0.5766975308641975 0.25624142661179694
1 0.01728395061728395 0.024759945130315493 0.018248456790123456 0.059053497942386825 0.03657407407407407 0.060768175582990386 0.03657407407407407 0.01790123456790123
0 0.23719135802469135 0.3128257887517147 0.23622685185185185 0.347119341563786 0.24780092592592592 0.37798353909465016 0.263233024691358 0.4019890260631001 0.2873456790123457 0.4174211248285322 0.3153163580246913 0.39855967078189297 0.3297839506172839 0.374554183813443 0.33267746913580243 0.36598079561042524 0.3423225308641975 0.3316872427983539 0.34907407407407404 0.3042524005486968 0.33267746913580243 0.28882030178326473 0.3529320987654321 0.2802469135802469 0.35100308641975303 0.2665294924554184 0.3268904320987654 0.26481481481481484 0.32206790123456785 0.22023319615912207 0.32110339506172836 0.21165980795610423 0.30181327160493826 0.19622770919067214 0.28638117283950615 0.18593964334705074 0.27962962962962956 0.18079561042524003 0.2564814814814815 0.18936899862825785 0.2323688271604938 0.18593964334705074 0.2179012345679012 0.18422496570644717 0.20922067901234567 0.20651577503429353 0.20632716049382713 0.23395061728395058 0.2130787037037037 0.26481481481481484
0 0.6384259259259258 0.26310013717421127 0.6307098765432098 0.3076817558299039 0.6287808641975308 0.3179698216735254 0.6355324074074074 0.3419753086419753 0.648070987654321 0.36083676268861453 0.653858024691358 0.4088477366255144 0.6760416666666667 0.4328532235939643 0.7146219135802468 0.42256515775034287 0.7204089506172838 0.4071330589849108 0.6943672839506172 0.36598079561042524 0.6876157407407407 0.32825788751714674 0.6779706790123456 0.3076817558299039 0.6741126543209877 0.27681755829903976 0.6586805555555555 0.2596707818930041
1 0.30856481481481485 0.7792181069958848 0.30856481481481485 0.8083676268861453 0.2940972222222222 0.8066529492455418 0.2960262345679012 0.7826474622770919
