0 0.4883294753086419 0.01275720164609053 0.4825424382716049 0.050480109739368985 0.4825424382716049 0.07791495198902607 0.47289737654320985 0.09849108367626884 0.46325231481481477 0.13106995884773662 0.494116512345679 0.1722222222222222 0.5066550925925926 0.21337448559670777 0.5336612654320987 0.22880658436213988 0.5616319444444444 0.23395061728395058 0.5953896604938271 0.1825102880658436 0.6040702160493827 0.20651577503429353 0.6031057098765431 0.23395061728395058 0.6185378086419753 0.23395061728395058 0.6416859567901234 0.22880658436213988 0.654224537037037 0.23909465020576132 0.6725501543209876 0.26310013717421127 0.6937692901234568 0.2665294924554184 0.6956983024691358 0.24766803840877913 0.7063078703703703 0.22709190672153634 0.7043788580246914 0.21165980795610423 0.7072723765432098 0.18765432098765428 0.7207754629629629 0.17050754458161863 0.7545331790123456 0.16879286694101506 0.7690007716049382 0.14478737997256513 0.7699652777777778 0.17050754458161863 0.7796103395061728 0.1722222222222222 0.7902199074074073 0.15850480109739368 0.7892554012345678 0.11049382716049382 0.7776813271604938 0.08477366255144032 0.7699652777777778 0.06419753086419751 0.7709297839506172 0.024759945130315493 0.7661072530864197 0.009327846364883404 0.7545331790123456 0.03676268861454046 0.728491512345679 0.06419753086419751 0.7063078703703703 0.09506172839506172 0.6918402777777778 0.09849108367626884 0.6947337962962963 0.07791495198902607 0.728491512345679 0.04190672153635116 0.7203125 0.0 0.4859375 0.0
0 0.822048611111111 0.002469135802469127 0.82397762345679 0.026474622770919057 0.8355516975308641 0.01790123456790123 0.8413387345679012 0.03847736625514402 0.8355516975308641 0.06934156378600823 0.8355516975308641 0.08477366255144032 0.8423032407407407 0.08991769547325103 0.8558063271604938 0.09506172839506172 0.8644868827160493 0.10020576131687241 0.8702739197530864 0.10363511659807956 0.8693094135802468 0.14307270233196157 0.8722029320987654 0.1516460905349794 0.8818479938271604 0.15850480109739368 0.8828125 0.16021947873799722 0.8828125 0.1773662551440329 0.8828125 0.19279835390946504 0.8953510802469135 0.20994513031550066 0.9098186728395061 0.2236625514403292 0.9175347222222221 0.24080932784636488 0.9416473765432098 0.24080932784636488 0.9503279320987654 0.2579561042524005 0.9686535493827161 0.2579561042524005 0.9937307098765431 0.26138545953360764 0.9994791666666667 0.26944444444444443 0.9994791666666667 0.0 0.8197916666666667 0.0
1 0.2780671296296296 0.4174211248285322 0.27903163580246915 0.44314128943758574 0.2944637345679012 0.44142661179698217 0.2915702160493827 0.4139917695473251
1 0.4024884259259259 0.6849108367626886 0.3967013888888889 0.7037722908093278 0.4053819444444444 0.7157750342935527 0.4140625 0.7037722908093278 0.41213348765432095 0.6814814814814815
1 0.46518132716049376 0.48429355281207126 0.46421682098765427 0.516872427983539 0.4825424382716049 0.5134430727023319 0.4825424382716049 0.4825788751714677
1 0.8586998456790124 0.7586419753086419 0.8596643518518517 0.7792181069958848 0.8760609567901234 0.7809327846364883 0.8741319444444444 0.7534979423868312 0.8673804012345678 0.7483539094650206
1 0.27999614197530864 0.3265432098765432 0.27903163580246915 0.3539780521262002 0.2925347222222222 0.36083676268861453 0.2934992283950617 0.33340192043895744
0 0.2308063271604938 0.08477366255144032 0.22309027777777776 0.13449931412894373 0.22501929012345678 0.16879286694101506 0.24623842592592593 0.21851851851851853 0.259741512345679 0.23395061728395058 0.27517361111111105 0.24766803840877913 0.2848186728395062 0.23052126200274345 0.29928626543209874 0.20994513031550066 0.3041087962962962 0.19965706447187928 0.3098958333333333 0.17565157750342936 0.31568287037037035 0.1379286694101509 0.3089313271604938 0.10534979423868313 0.3041087962962962 0.07448559670781892 0.2848186728395062 0.04362139917695472
1 0.7786458333333334 0.5443072702331961 0.7738233024691358 0.5665980795610425 0.7863618827160493 0.5837448559670781 0.7950424382716048 0.5614540466392318 0.7911844135802468 0.5477366255144033
1 0.5471643518518517 0.5082990397805213 0.5404128086419753 0.5357338820301782 0.5548804012345678 0.5425925925925926 0.5606674382716049 0.516872427983539
