1 0.47000385802469136 0.734636488340192 0.47000385802469136 0.7637860082304526 0.48929398148148145 0.7655006858710561 0.4873649691358024 0.7329218106995885
0 0.7092013888888888 0.6283264746227708 0.6937692901234568 0.6506172839506172 0.6831597222222221 0.6780521262002742 0.6638695987654321 0.7637860082304526 0.6600115740740741 0.7929355281207132 0.6764081790123456 0.8203703703703703 0.6985918209876544 0.8358024691358025 0.7140239197530864 0.873525377229081 0.7140239197530864 0.89238683127572 0.6899112654320987 0.873525377229081 0.6551890432098765 0.8683813443072701 0.6484375 0.8700960219478737 0.6272183641975307 0.8838134430727023 0.6204668209876544 0.9112482853223592 0.6195023148148148 0.9438271604938271 0.6195023148148148 0.9558299039780521 0.6243248456790124 0.9764060356652949 0.6725501543209876 0.9781207133058983 0.7014853395061728 0.9815500685871055 0.7111304012345678 0.9832647462277091 0.7169174382716048 0.9729766803840878 0.722704475308642 0.979835390946502 0.7497106481481481 0.9952674897119341 0.7661458333333333 0.9990740740740741 0.8026041666666667 0.9990740740740741 0.802758487654321 0.952400548696845 0.7979359567901234 0.9095336076817558 0.7776813271604938 0.8958161865569273 0.7574266975308641 0.8889574759945129 0.7545331790123456 0.8563786008230452 0.7796103395061728 0.8512345679012345 0.7844328703703703 0.8495198902606309 0.8095100308641975 0.7603566529492455 0.8162615740740741 0.7432098765432098 0.8345871913580247 0.69519890260631 0.8191550925925924 0.679766803840878 0.8143325617283951 0.6454732510288066 0.8037229938271604 0.5940329218106996 0.7844328703703703 0.5854595336076818 0.7506751543209876 0.5957475994513032 0.728491512345679 0.6094650205761316
0 0.665798611111111 0.3831275720164609 0.6821952160493827 0.3402606310013717 0.6850887345679012 0.32311385459533604 0.6812307098765431 0.2493827160493827 0.6619405864197531 0.24595336076817556 0.665798611111111 0.23395061728395058 0.6590470679012345 0.20651577503429353 0.6484375 0.20480109739368996 0.6330054012345678 0.24080932784636488 0.6223958333333334 0.27681755829903976 0.6127507716049382 0.30596707818930036 0.591531635802469 0.3539780521262002 0.5905671296296297 0.3831275720164609 0.5973186728395061 0.42599451303155 0.5780285493827161 0.4397119341563785 0.5712770061728395 0.4568587105624142 0.5780285493827161 0.46714677640603564 0.5703125 0.4945816186556927 0.564525462962963 0.5031550068587105 0.5519868827160493 0.5305898491083676 0.5568094135802468 0.568312757201646 0.5732060185185185 0.5871742112482853 0.587673611111111 0.5786008230452674 0.6002121913580247 0.5357338820301782 0.6098572530864197 0.5734567901234567 0.6223958333333334 0.5786008230452674 0.6301118827160493 0.5665980795610425 0.6330054012345678 0.5391632373113855 0.652295524691358 0.5357338820301782 0.6686921296296297 0.5425925925925926 0.6715856481481481 0.5048696844993141 0.6667631172839505 0.489437585733882 0.6600115740740741 0.47229080932784634 0.6455439814814814 0.4568587105624142 0.6609760802469135 0.4551440329218107 0.6638695987654321 0.42942386831275714 0.652295524691358 0.4139917695473251 0.6532600308641975 0.3968449931412894
0 0.3725887345679012 0.3419753086419753 0.39091435185185186 0.33340192043895744 0.4073109567901234 0.3505486968449931 0.4227430555555555 0.3831275720164609 0.41984953703703703 0.4054183813443072 0.3889853395061728 0.4037037037037037 0.3735532407407407 0.4019890260631001 0.3571566358024691 0.36941015089163237
1 0.20476466049382713 0.0401920438957476 0.20476466049382713 0.06762688614540467 0.21923225308641975 0.07277091906721535 0.22116126543209877 0.0401920438957476
1 0.2163387345679012 0.4362825788751714 0.2153742283950617 0.4688614540466392 0.23369984567901234 0.47057613168724277 0.23273533950617284 0.4311385459533607
1 0.06684027777777776 0.69519890260631 0.06587577160493827 0.722633744855967 0.0870949074074074 0.7260631001371741 0.08902391975308642 0.6934842249657064
0 0.9927662037037037 0.44142661179698217 0.964795524691358 0.4637174211248285 0.9609374999999999 0.5065843621399176 0.9619020061728395 0.528875171467764 0.9754050925925924 0.5443072702331961 0.9994791666666667 0.5574074074074075 0.9994791666666667 0.44814814814814813
1 0.6127507716049382 0.11735253772290809 0.6137152777777778 0.1516460905349794 0.6301118827160493 0.15336076817558297 0.6301118827160493 0.11563786008230452
1 0.3041087962962962 0.1516460905349794 0.3050733024691358 0.17908093278463647 0.3233989197530864 0.1825102880658436 0.3205054012345679 0.14821673525377227
1 0.15750385802469136 0.9301097393689985 0.15750385802469136 0.9695473251028807 0.17486496913580246 0.9695473251028807 0.17486496913580246 0.9301097393689985
0 0.1343557098765432 0.22880658436213988 0.12663966049382716 0.2493827160493827 0.12278163580246913 0.2733882030178326 0.12953317901234568 0.28539094650205754 0.14689429012345678 0.29396433470507544 0.1661844135802469 0.29224965706447187 0.17390046296296294 0.28196159122085046 0.1787229938271605 0.26138545953360764 0.17775848765432095 0.22537722908093277 0.17100694444444445 0.2082304526748971 0.15943287037037035 0.2082304526748971 0.14303626543209877 0.20994513031550066
