1 0.42623456790123454 0.06419753086419751 0.42623456790123454 0.08648834019204388 0.44166666666666665 0.09334705075445816 0.44263117283950615 0.0659122085048011
0 0.7146219135802468 0.23909465020576132 0.6943672839506172 0.22709190672153634 0.673148148148148 0.25624142661179694 0.6721836419753087 0.29739368998628257 0.6663966049382715 0.295679012345679 0.657716049382716 0.2682441700960219 0.6393904320987654 0.23909465020576132 0.6287808641975308 0.25109739368998624 0.6123842592592592 0.24423868312757202 0.6085262345679011 0.2665294924554184 0.6268518518518518 0.28367626886145403 0.6413194444444444 0.3008230452674897 0.6393904320987654 0.3179698216735254 0.6528935185185184 0.347119341563786 0.6673611111111111 0.3556927297668038 0.6856867283950617 0.3848422496570645 0.7155864197530863 0.38827160493827156 0.7416280864197531 0.40027434842249654 0.7609182098765431 0.4037037037037037 0.7724922839506172 0.3762688614540466 0.7937114197530863 0.3402606310013717 0.810108024691358 0.34368998628257885 0.8168595679012345 0.3162551440329218 0.8091435185185184 0.2905349794238683 0.7792438271604938 0.25624142661179694 0.7724922839506172 0.22023319615912207 0.751273148148148 0.19622770919067214 0.731983024691358 0.22537722908093277
0 0.5911651234567901 0.4174211248285322 0.579591049382716 0.37798353909465016 0.562229938271605 0.3454046639231824 0.5419753086419753 0.33340192043895744 0.5236496913580246 0.33340192043895744 0.4985725308641975 0.33511659807956107 0.5024305555555555 0.3848422496570645 0.5043595679012346 0.41570644718792865 0.5072530864197531 0.437997256515775 0.4985725308641975 0.46714677640603564 0.499537037037037 0.48429355281207126 0.5159336419753086 0.4997256515775034 0.5265432098765432 0.5185871056241426 0.5458333333333333 0.5271604938271605 0.5564429012345679 0.5220164609053497 0.573804012345679 0.5597393689986282 0.5844135802469135 0.5786008230452674 0.5892361111111111 0.5820301783264745 0.6152777777777777 0.5786008230452674 0.6336033950617284 0.5580246913580247 0.6509645061728394 0.5563100137174211 0.659645061728395 0.5237311385459533 0.6798996913580246 0.5117283950617284 0.6856867283950617 0.4877229080932784 0.6856867283950617 0.45 0.6856867283950617 0.437997256515775 0.6635030864197531 0.41570644718792865 0.6384259259259258 0.43456790123456784 0.6046682098765431 0.44314128943758574
1 0.4474537037037037 0.1516460905349794 0.44166666666666665 0.17908093278463647 0.4570987654320987 0.18936899862825785 0.46095679012345675 0.1619341563786008
1 0.6065972222222221 0.6969135802469135 0.6075617283950617 0.7209190672153635 0.6239583333333333 0.7209190672153635 0.6220293209876543 0.6917695473251029
1 0.2179012345679012 0.7294924554183814 0.21886574074074072 0.7569272976680383 0.2333333333333333 0.7586419753086419 0.2333333333333333 0.7209190672153635
1 0.47638888888888886 0.5563100137174211 0.47638888888888886 0.580315500685871 0.4966435185185185 0.5854595336076818 0.4908564814814814 0.5494513031550069
1 0.562229938271605 0.0710562414266118 0.5603009259259258 0.0916323731138546 0.577662037037037 0.09849108367626884 0.5786265432098765 0.0710562414266118
2 0.6181712962962963 0.6317558299039779 0.6065972222222221 0.6677640603566529 0.6210648148148148 0.679766803840878 0.6345679012345679 0.6471879286694101
1 0.9007716049382715 0.4311385459533607 0.8988425925925925 0.4517146776406036 0.9133101851851851 0.4585733882030178 0.9171682098765431 0.4311385459533607
0 0.8400077160493827 0.46028806584362136 0.8274691358024691 0.4877229080932784 0.8207175925925925 0.501440329218107 0.8400077160493827 0.5185871056241426 0.8544753086419752 0.516872427983539 0.8650848765432098 0.4962962962962963 0.8670138888888889 0.47229080932784634 0.8564043209876542 0.44828532235939644 0.8477237654320987 0.44142661179698217
1 0.5641589506172839 0.11906721536351166 0.5641589506172839 0.14135802469135803 0.579591049382716 0.14135802469135803 0.579591049382716 0.11735253772290809
