1 0.5326967592592592 0.3299725651577503 0.5317322530864197 0.36598079561042524 0.5519868827160493 0.36941015089163237 0.5490933641975307 0.33340192043895744
1 0.6185378086419753 0.3402606310013717 0.6175733024691358 0.37283950617283945 0.6368634259259258 0.374554183813443 0.6387924382716048 0.34368998628257885
1 0.5548804012345678 0.6729080932784636 0.5539158950617283 0.7089163237311384 0.576099537037037 0.7089163237311384 0.5751350308641975 0.6746227709190671
1 0.8095100308641975 0.44314128943758574 0.806616512345679 0.4757201646090534 0.8249421296296295 0.477434842249657 0.8288001543209876 0.4448559670781893
1 0.05623070987654321 0.7397805212620027 0.054301697530864196 0.7723593964334704 0.07262731481481481 0.7757887517146776 0.07648533950617284 0.7363511659807956
1 0.4468557098765432 0.7072016460905349 0.4487847222222222 0.7449245541838134 0.4671103395061728 0.7414951989026063 0.46421682098765427 0.7037722908093278
1 0.7516396604938271 0.592318244170096 0.7497106481481481 0.619753086419753 0.7680362654320987 0.6214677640603565 0.7680362654320987 0.592318244170096
1 0.20476466049382713 0.1722222222222222 0.20476466049382713 0.20137174211248285 0.22501929012345678 0.20651577503429353 0.22598379629629628 0.16879286694101506
0 0.18740354938271603 0.47229080932784634 0.1980131172839506 0.4860082304526748 0.2144097222222222 0.5203017832647462 0.20765817901234568 0.5631687242798353 0.18836805555555552 0.5854595336076818 0.1671489197530864 0.5854595336076818 0.1507523148148148 0.568312757201646 0.1343557098765432 0.5545953360768175 0.12278163580246913 0.5254458161865568 0.12663966049382716 0.4825788751714677 0.14014274691358025 0.4688614540466392 0.15364583333333334 0.4551440329218107 0.17390046296296294 0.4688614540466392
0 0.9985532407407407 0.49286694101508915 0.9869791666666665 0.4688614540466392 0.9763695987654321 0.4688614540466392 0.9435763888888888 0.4945816186556927 0.9329668209876542 0.5151577503429355 0.9049961419753085 0.5511659807956104 0.8934220679012345 0.5563100137174211 0.8779899691358024 0.5357338820301782 0.8702739197530864 0.501440329218107 0.8972800925925924 0.47914951989026056 0.90210262345679 0.477434842249657 0.9156057098765431 0.4637174211248285 0.9329668209876542 0.42599451303155 0.9483989197530864 0.4174211248285322 0.9657600308641975 0.4174211248285322 0.9792631172839505 0.39855967078189297 0.9966242283950617 0.38998628257887513 0.9994791666666667 0.49907407407407406 0.9994791666666667 0.48518518518518516
1 0.7853973765432098 0.11563786008230452 0.7853973765432098 0.15850480109739368 0.8008294753086419 0.1567901234567901 0.7998649691358024 0.11906721536351166
