5 0.8766589506172838 0.49801097393689986 0.8978780864197531 0.5374485596707819 0.9133101851851851 0.5271604938271605 0.8998070987654321 0.489437585733882 0.8805169753086418 0.47057613168724277
1 0.7628472222222221 0.6660493827160493 0.7638117283950617 0.7054869684499313 0.7792438271604938 0.7072016460905349 0.7811728395061728 0.6746227709190671
0 0.5111111111111111 0.5185871056241426 0.5130401234567901 0.4962962962962963 0.5188271604938272 0.4585733882030178 0.5294367283950617 0.41056241426611795 0.5496913580246914 0.3625514403292181 0.569945987654321 0.3316872427983539 0.5911651234567901 0.32139917695473247 0.6307098765432098 0.3711248285322359 0.6442129629629629 0.3968449931412894 0.6625385802469135 0.4585733882030178 0.6606095679012345 0.5082990397805213 0.648070987654321 0.5185871056241426 0.6384259259259258 0.501440329218107 0.6297453703703704 0.4997256515775034 0.6278163580246914 0.5477366255144033 0.6181712962962963 0.592318244170096 0.6027391975308641 0.6231824417009602 0.5873070987654321 0.659190672153635 0.571875 0.679766803840878 0.5496913580246914 0.6831961591220851 0.5410108024691358 0.6831961591220851 0.5120756172839506 0.6729080932784636 0.5082175925925926 0.659190672153635 0.501466049382716 0.6146090534979424 0.48892746913580243 0.580315500685871 0.47542438271604937 0.5477366255144033
1 0.23622685185185185 0.3917009602194787 0.2314043209876543 0.4139917695473251 0.24490740740740738 0.42599451303155 0.25165895061728394 0.41056241426611795
1 0.4570987654320987 0.4054183813443072 0.4542052469135802 0.4362825788751714 0.46963734567901233 0.4448559670781893 0.47445987654320987 0.4122770919067215
0 0.7802083333333333 0.34368998628257885 0.7715277777777777 0.36941015089163237 0.7811728395061728 0.4191358024691358 0.7917824074074074 0.4551440329218107 0.8004629629629628 0.4860082304526748 0.8313271604938272 0.46028806584362136 0.8390432098765431 0.4071330589849108 0.8390432098765431 0.3848422496570645 0.8351851851851851 0.34368998628257885 0.8255401234567901 0.3196844993141289 0.8004629629629628 0.3076817558299039 0.7859953703703704 0.3128257887517147
0 0.6509645061728394 0.9884087791495197 0.6374614197530863 0.9489711934156378 0.6345679012345679 0.9369684499314128 0.6239583333333333 0.8803840877914951 0.6229938271604938 0.8512345679012345 0.6162422839506173 0.8272290809327846 0.6268518518518518 0.8015089163237311 0.6422839506172838 0.8049382716049382 0.6644675925925925 0.7912208504801097 0.6847222222222221 0.7929355281207132 0.6982253086419753 0.7792181069958848 0.7126929012345679 0.7655006858710561 0.7271604938271604 0.7500685871056241 0.7425925925925925 0.7723593964334704 0.7580246913580246 0.762071330589849 0.7802083333333333 0.7517832647462277 0.8004629629629628 0.7723593964334704 0.7859953703703704 0.8100823045267489 0.7580246913580246 0.8203703703703703 0.7474151234567901 0.8632373113854594 0.7647762345679011 0.8546639231824417 0.7802083333333333 0.8580932784636488 0.7898533950617284 0.8478052126200274 0.7840663580246914 0.8872427983539094 0.7821373456790124 0.9078189300411522 0.7734567901234567 0.94039780521262 0.7937114197530863 0.9695473251028807 0.8033564814814814 0.9849794238683126 0.8052854938271604 0.9986968449931413
1 0.9239197530864197 0.5357338820301782 0.9239197530864197 0.5665980795610425 0.9364583333333332 0.5665980795610425 0.9383873456790124 0.5391632373113855
2 0.4185185185185185 0.5854595336076818 0.4079089506172839 0.619753086419753 0.42237654320987655 0.6334705075445817 0.43587962962962956 0.5991769547325103
1 0.341358024691358 0.07620027434842248 0.3423225308641975 0.10534979423868313 0.35775462962962956 0.10877914951989025 0.3596836419753086 0.08477366255144032
1 0.9480324074074074 0.9301097393689985 0.9461033950617284 0.9609739368998628 0.9634645061728394 0.9626886145404664 0.9634645061728394 0.9369684499314128
1 0.8959490740740741 0.69519890260631 0.8930555555555555 0.7209190672153635 0.9084876543209875 0.7329218106995885 0.9142746913580246 0.7020576131687243
