1 0.49122299382716045 0.6368998628257887 0.4883294753086419 0.659190672153635 0.49797453703703703 0.6660493827160493 0.5085841049382716 0.6489026063100137
0 0.4516782407407407 0.06934156378600823 0.4516782407407407 0.11563786008230452 0.45553626543209874 0.14993141289437587 0.4825424382716049 0.18936899862825785 0.5249807098765432 0.19279835390946504 0.5471643518518517 0.1722222222222222 0.5568094135802468 0.13964334705075446 0.5568094135802468 0.10363511659807956 0.5635609567901234 0.0916323731138546 0.566454475308642 0.07962962962962963 0.566454475308642 0.050480109739368985 0.5558449074074073 0.016186556927297667 0.5458333333333333 0.0 0.4005594135802469 0.0007544581618655644 0.43142361111111105 0.021330589849108367 0.4468557098765432 0.04190672153635116
1 0.513406635802469 0.5906035665294924 0.509548611111111 0.6146090534979424 0.5278742283950617 0.6266117969821673 0.5317322530864197 0.5991769547325103
1 0.5355902777777778 0.7552126200274348 0.5394483024691358 0.7826474622770919 0.5548804012345678 0.7792181069958848 0.5548804012345678 0.7534979423868312
0 0.02054398148148148 0.005898491083676265 0.04755015432098765 0.03161865569272976 0.08130787037037038 0.028189300411522632 0.09384645061728394 0.08648834019204388 0.09288194444444443 0.13449931412894373 0.1169945987654321 0.18765432098765428 0.12760416666666666 0.23052126200274345 0.15268132716049382 0.26138545953360764 0.18161651234567902 0.295679012345679 0.19994212962962962 0.3368312757201646 0.25202546296296297 0.39855967078189297 0.24913194444444445 0.3419753086419753 0.24816743827160492 0.3111111111111111 0.26456404320987653 0.33511659807956107 0.2934992283950617 0.42942386831275714 0.3272569444444444 0.42599451303155 0.3561921296296296 0.4139917695473251 0.39091435185185186 0.4465706447187929 0.41792052469135804 0.4448559670781893 0.4429976851851852 0.42770919067215357 0.45842978395061723 0.40027434842249654 0.45360725308641975 0.36426611796982167 0.46325231481481477 0.3111111111111111 0.45360725308641975 0.26481481481481484 0.47289737654320985 0.19279835390946504 0.4497492283950617 0.18936899862825785 0.4391396604938271 0.18422496570644717 0.3745177469135802 0.11735253772290809 0.36776620370370366 0.08991769547325103 0.3330439814814815 0.023045267489711932 0.32447916666666665 0.0 0.026041666666666668 0.0
1 0.34076003086419754 0.8512345679012345 0.3388310185185185 0.8786694101508916 0.3542631172839506 0.8820987654320988 0.3571566358024691 0.8512345679012345
1 0.267457561728395 0.6557613168724279 0.267457561728395 0.6849108367626886 0.2838541666666667 0.6831961591220851 0.2838541666666667 0.6574759945130315
1 0.7236689814814814 0.0710562414266118 0.7198109567901234 0.09677640603566529 0.7352430555555555 0.10363511659807956 0.7400655864197531 0.07448559670781892
1 0.45553626543209874 0.619753086419753 0.45457175925925924 0.6489026063100137 0.47096836419753085 0.6557613168724279 0.47386188271604934 0.6248971193415637 0.47000385802469136 0.6128943758573387
0 0.743923611111111 0.7740740740740739 0.7410300925925924 0.8169410150891632 0.7333140432098765 0.8323731138545953 0.74585262345679 0.8700960219478737 0.7526041666666666 0.8700960219478737 0.7863618827160493 0.8495198902606309 0.8017939814814814 0.8186556927297667 0.8056520061728395 0.7826474622770919 0.7960069444444444 0.7603566529492455 0.7747878086419752 0.7397805212620027 0.7603202160493827 0.7380658436213992
