1 0.33902319182389934 0.5812718378756114 0.3409886006289308 0.6232005590496156 0.35179834905660373 0.6162124388539483 0.36555621069182387 0.6127183787561146 0.35867727987421383 0.5777777777777777
1 0.315438286163522 0.750733752620545 0.31150746855345907 0.7856743535988818 0.33607507861635216 0.7926624737945492 0.3350923742138365 0.752480782669462
1 0.443189858490566 0.6808525506638714 0.44810338050314463 0.7175401816911251 0.46972287735849055 0.7140461215932914 0.4618612421383647 0.6773584905660377
1 0.6249901729559748 0.5026554856743536 0.6269555817610063 0.5393431167016072 0.6466096698113207 0.5375960866526904 0.6446442610062894 0.497414395527603
1 0.47070558176100624 0.3192173305380852 0.47070558176100624 0.35765199161425576 0.4942904874213836 0.3559049615653389 0.49232507861635216 0.31222921034241785
0 0.6181112421383648 0.33843466107617054 0.6053360849056604 0.3716282320055905 0.5915782232704402 0.3995807127882599 0.6063187893081761 0.43452131376659675 0.6269555817610063 0.43277428371767995 0.645626965408805 0.42578616352201254 0.6525058962264151 0.4397624039133473 0.6692118710691823 0.4450034940600978 0.681004323899371 0.3943396226415094 0.6760908018867924 0.3593990216631726 0.6613502358490566 0.34018169112508734 0.6515231918238994 0.3296995108315863 0.6318691037735849 0.3262054507337526
0 0.6584021226415094 0.6598881900768693 0.6466096698113207 0.696575821104123 0.645626965408805 0.7105520614954577 0.6692118710691823 0.7210342417889587 0.6888659591194968 0.7594689028651292 0.7006584119496855 0.7751921733053808 0.7193297955974843 0.7647099930118798 0.7321049528301887 0.7419986023759608 0.7409492924528301 0.740251572327044 0.7399665880503145 0.7000698812019566 0.7321049528301887 0.6948287910552061 0.7006584119496855 0.673864430468204 0.6898486635220125 0.6651292802236198
1 0.8402024371069181 0.156743535988819 0.8333235062893081 0.18644304682040533 0.8510121855345911 0.20041928721174002 0.858873820754717 0.17596086652690426
1 0.8107213050314465 0.5026554856743536 0.8048250786163521 0.5323549965059399 0.8244791666666667 0.5410901467505241 0.8323408018867924 0.5096436058700209
1 0.645626965408805 0.8223619846261355 0.6475923742138364 0.8503144654088051 0.6662637578616352 0.8503144654088051 0.6662637578616352 0.8188679245283018
1 0.9168533805031447 0.29825296995108314 0.9178360849056604 0.3349406009783368 0.9355247641509433 0.3349406009783368 0.9355247641509433 0.2965059399021663
1 0.31150746855345907 0.3821104122990915 0.31249017295597487 0.4135569531795947 0.3291961477987421 0.42578616352201254 0.33312696540880504 0.3978336827393431 0.3232999213836478 0.3751222921034242
0 0.07369300314465409 0.3663871418588399 0.09727790880503144 0.3751222921034242 0.11496658805031447 0.3995807127882599 0.12675904088050316 0.42229210342417894 0.1287244496855346 0.4380153738644305 0.14149960691823898 0.47645003494060095 0.14543042452830188 0.4904262753319357 0.1513266509433962 0.5585604472396924 0.15329205974842766 0.5707896575821103 0.16901533018867926 0.5812718378756114 0.17687696540880501 0.596995108315863 0.16115369496855345 0.6162124388539483 0.13658608490566035 0.6389238294898673 0.11594929245283019 0.6651292802236198 0.10612224842767295 0.6773584905660377 0.08057193396226414 0.6686233403214534 0.05403891509433962 0.6424178895877009 0.04421187106918238 0.596995108315863 0.0402810534591195 0.5690426275331936 0.02750589622641509 0.5306079664570231 0.02160966981132075 0.5131376659678546 0.020626965408805032 0.43626834381551355 0.02455778301886792 0.42753319357092945 0.033402122641509435 0.41006289308176097 0.0402810534591195 0.3856044723969252 0.05010809748427673 0.3803633822501747 0.06386595911949684 0.37861635220125783
