0 0.2931327160493827 0.35912208504801096 0.27866512345679006 0.374554183813443 0.27094907407407404 0.3917009602194787 0.261304012345679 0.41570644718792865 0.25358796296296293 0.4328532235939643 0.257445987654321 0.44828532235939644 0.26902006172839504 0.48429355281207126 0.28541666666666665 0.5185871056241426 0.31242283950617283 0.5305898491083676 0.3403935185185185 0.5323045267489711 0.3519675925925926 0.5323045267489711 0.3702932098765432 0.5220164609053497 0.3741512345679012 0.4877229080932784 0.3760802469135802 0.4551440329218107 0.3751157407407407 0.4362825788751714 0.3722222222222222 0.4174211248285322 0.3722222222222222 0.39513031550068584 0.3683641975308642 0.36941015089163237 0.34521604938271605 0.35912208504801096 0.31917438271604937 0.3539780521262002
1 0.5988811728395061 0.8786694101508916 0.5998456790123456 0.9112482853223592 0.6162422839506173 0.9095336076817558 0.6123842592592592 0.876954732510288
1 0.25841049382716047 0.7192043895747599 0.25841049382716047 0.7449245541838134 0.2748070987654321 0.7432098765432098 0.2738425925925926 0.7174897119341563
1 0.43298611111111107 0.5974622770919067 0.43395061728395057 0.6231824417009602 0.4464891975308642 0.6146090534979424 0.4435956790123457 0.5871742112482853
1 0.7715277777777777 0.6934842249657064 0.7744212962962962 0.7277777777777777 0.7917824074074074 0.7243484224965705 0.7898533950617284 0.6934842249657064
1 0.6528935185185184 0.44314128943758574 0.6528935185185184 0.4637174211248285 0.6721836419753087 0.4688614540466392 0.6683256172839506 0.43456790123456784
1 0.19089506172839504 0.13964334705075446 0.18993055555555555 0.15850480109739368 0.20536265432098763 0.16364883401920438 0.20536265432098763 0.1362139917695473
0 0.4503472222222222 0.24252400548696845 0.4522762345679012 0.29396433470507544 0.47349537037037037 0.3402606310013717 0.4561342592592592 0.4054183813443072 0.4407021604938271 0.4448559670781893 0.4551697530864197 0.4877229080932784 0.47735339506172836 0.4688614540466392 0.499537037037037 0.5185871056241426 0.5120756172839506 0.540877914951989 0.5265432098765432 0.5597393689986282 0.5545138888888889 0.564883401920439 0.575733024691358 0.5494513031550069 0.5979166666666667 0.5391632373113855 0.5979166666666667 0.489437585733882 0.6181712962962963 0.4328532235939643 0.6220293209876543 0.42085048010973936 0.6364969135802468 0.38827160493827156 0.6239583333333333 0.3762688614540466 0.6316743827160494 0.3402606310013717 0.6172067901234567 0.29910836762688614 0.6094907407407407 0.295679012345679 0.6191358024691358 0.2682441700960219 0.5902006172839507 0.26310013717421127 0.569945987654321 0.24252400548696845 0.5651234567901234 0.22537722908093277 0.5603009259259258 0.1979423868312757 0.5516203703703704 0.19279835390946504 0.5255787037037037 0.19108367626886147 0.49471450617283946 0.20137174211248285 0.4860339506172839 0.20994513031550066 0.45999228395061725 0.22537722908093277
1 0.6471064814814814 0.762071330589849 0.6509645061728394 0.7877914951989026 0.6673611111111111 0.7877914951989026 0.6625385802469135 0.7569272976680383
1 0.38379629629629625 0.8340877914951988 0.38572530864197524 0.8666666666666666 0.39922839506172836 0.8615226337448558 0.39826388888888886 0.8323731138545953
1 0.16871141975308643 0.580315500685871 0.16871141975308643 0.6077503429355281 0.1822145061728395 0.604320987654321 0.1822145061728395 0.5768861454046639
1 0.3712577160493827 0.28710562414266116 0.3702932098765432 0.3128257887517147 0.38668981481481474 0.3196844993141289 0.38668981481481474 0.29224965706447187
