0 0.5429398148148148 0.9969821673525376 0.5400462962962963 0.9781207133058983 0.5429398148148148 0.9472565157750342 0.5371527777777777 0.9215363511659806 0.5361882716049383 0.9112482853223592 0.5458333333333333 0.864951989026063 0.5612654320987654 0.8563786008230452 0.5747685185185184 0.8032235939643346 0.5892361111111111 0.8563786008230452 0.5786265432098765 0.8958161865569273 0.5786265432098765 0.9352537722908092 0.5959876543209877 0.9575445816186556 0.6017746913580246 0.9969821673525376 0.5739583333333333 0.9990740740740741
1 0.43298611111111107 0.7037722908093278 0.43395061728395057 0.7363511659807956 0.4542052469135802 0.7397805212620027 0.4542052469135802 0.7037722908093278
0 0.14266975308641974 0.005898491083676265 0.14074074074074075 0.03333333333333333 0.12723765432098763 0.057338820301783264 0.13591820987654318 0.11563786008230452 0.14363425925925927 0.14135802469135803 0.16099537037037034 0.14478737997256513 0.1677469135802469 0.11220850480109737 0.1802854938271605 0.08820301783264745 0.19089506172839504 0.0659122085048011 0.1966820987654321 0.023045267489711932 0.1966820987654321 0.002469135802469127
1 0.6471064814814814 0.7569272976680383 0.648070987654321 0.7843621399176954 0.6683256172839506 0.7895061728395062 0.6673611111111111 0.7517832647462277
1 0.31242283950617283 0.18936899862825785 0.3143518518518518 0.22194787379972564 0.3336419753086419 0.21851851851851853 0.33171296296296293 0.1825102880658436
0 0.17546296296296296 0.44142661179698217 0.15424382716049384 0.47914951989026056 0.1368827160493827 0.5443072702331961 0.12337962962962963 0.5734567901234567 0.09830246913580247 0.5665980795610425 0.08479938271604938 0.6128943758573387 0.06550925925925925 0.619753086419753 0.06068672839506172 0.6026063100137173 0.051041666666666666 0.5597393689986282 0.0722608024691358 0.5134430727023319 0.08479938271604938 0.48429355281207126 0.11373456790123455 0.4465706447187929 0.1378472222222222 0.4311385459533607 0.16967592592592592 0.4139917695473251 0.18125 0.42770919067215357
1 0.2921682098765432 0.28539094650205754 0.2912037037037037 0.3128257887517147 0.30856481481481485 0.3179698216735254 0.30952932098765434 0.28367626886145403
0 0.19475308641975309 0.4139917695473251 0.19089506172839504 0.4448559670781893 0.18896604938271602 0.46714677640603564 0.1986111111111111 0.5048696844993141 0.2111496913580247 0.5220164609053497 0.22465277777777776 0.5340192043895746 0.24008487654320987 0.5340192043895746 0.25358796296296293 0.5563100137174211 0.26709104938271605 0.5700274348422496 0.27287808641975303 0.5717421124828531 0.2902391975308642 0.5494513031550069 0.2979552469135802 0.5460219478737998 0.33653549382716047 0.5460219478737998 0.32110339506172836 0.5185871056241426 0.2979552469135802 0.4877229080932784 0.28638117283950615 0.4860082304526748 0.2738425925925926 0.4757201646090534 0.2622685185185185 0.4517146776406036 0.25841049382716047 0.42770919067215357 0.22851080246913577 0.4037037037037037 0.20729166666666668 0.4088477366255144
1 0.6895447530864197 0.5580246913580247 0.6895447530864197 0.5957475994513032 0.7059413580246914 0.5957475994513032 0.7049768518518518 0.5477366255144033
1 0.3924768518518518 0.13964334705075446 0.39054783950617283 0.1739368998628258 0.4117669753086419 0.1739368998628258 0.4069444444444444 0.13449931412894373
