0 0.3162808641975309 0.09334705075445816 0.33267746913580243 0.03847736625514402 0.3587191358024691 0.026474622770919057 0.37395833333333334 0.0 0.42604166666666665 0.0 0.43298611111111107 0.03333333333333333 0.4435956790123457 0.04705075445816186 0.4368441358024691 0.0710562414266118 0.4725308641975309 0.11392318244170097 0.5005015432098765 0.17050754458161863 0.5101466049382716 0.20480109739368996 0.4821759259259259 0.23395061728395058 0.48892746913580243 0.2682441700960219 0.5091820987654321 0.28367626886145403 0.5062885802469136 0.3128257887517147 0.5111111111111111 0.32311385459533604 0.5294367283950617 0.3454046639231824 0.5294367283950617 0.36941015089163237 0.5284722222222222 0.4139917695473251 0.497608024691358 0.4122770919067215 0.47638888888888886 0.4088477366255144 0.45806327160493826 0.42256515775034287 0.43587962962962956 0.4328532235939643 0.417554012345679 0.42770919067215357 0.4059799382716049 0.4037037037037037 0.3924768518518518 0.41056241426611795 0.36450617283950615 0.40027434842249654 0.35679012345679006 0.36941015089163237 0.3654706790123457 0.347119341563786 0.38283179012345675 0.3402606310013717 0.3683641975308642 0.295679012345679 0.36354166666666665 0.28367626886145403 0.35679012345679006 0.2528120713305898 0.3423225308641975 0.2150891632373114 0.3384645061728395 0.2030864197530864 0.31338734567901233 0.15850480109739368 0.31242283950617283 0.13278463648834019
1 0.5670524691358024 0.28196159122085046 0.5641589506172839 0.3111111111111111 0.579591049382716 0.3111111111111111 0.579591049382716 0.28196159122085046
1 0.6663966049382715 0.2579561042524005 0.6673611111111111 0.2785322359396433 0.6789351851851851 0.27681755829903976 0.6808641975308641 0.24595336076817556 0.6692901234567901 0.24080932784636488
0 0.35775462962962956 0.6609053497942387 0.34425154320987655 0.7003429355281207 0.35486111111111107 0.7329218106995885 0.3702932098765432 0.7740740740740739 0.3934413580246913 0.7843621399176954 0.4117669753086419 0.7809327846364883 0.4310570987654321 0.7637860082304526 0.4368441358024691 0.7329218106995885 0.4378086419753086 0.6917695473251029 0.4368441358024691 0.6831961591220851 0.4204475308641975 0.6386145404663923 0.4050154320987654 0.6300411522633744 0.3876543209876543 0.6283264746227708 0.3673996913580247 0.6334705075445817
1 0.4185185185185185 0.8906721536351165 0.4185185185185185 0.912962962962963 0.42912808641975303 0.912962962962963 0.4310570987654321 0.8872427983539094
5 0.5545138888888889 0.6694787379972564 0.5516203703703704 0.6969135802469135 0.5535493827160494 0.7140603566529492 0.562229938271605 0.7277777777777777 0.569945987654321 0.7054869684499313 0.5660879629629629 0.679766803840878 0.5689814814814814 0.6557613168724279
1 0.5082175925925926 0.028189300411522632 0.5082175925925926 0.048765432098765424 0.5207561728395061 0.057338820301783264 0.5236496913580246 0.03161865569272976
0 0.6606095679012345 0.002469135802469127 0.653858024691358 0.021330589849108367 0.6403549382716048 0.028189300411522632 0.646141975308642 0.059053497942386825 0.651929012345679 0.08820301783264745 0.6548225308641975 0.11049382716049382 0.6692901234567901 0.1465020576131687 0.6837577160493827 0.15507544581618654 0.6885802469135801 0.1825102880658436 0.7088348765432098 0.20137174211248285 0.731983024691358 0.23052126200274345 0.7474151234567901 0.2528120713305898 0.7628472222222221 0.26138545953360764 0.7917824074074074 0.23052126200274345 0.804320987654321 0.19622770919067214 0.8197530864197531 0.15850480109739368 0.8332561728395061 0.14135802469135803 0.8072145061728394 0.12078189300411521 0.810108024691358 0.101920438957476 0.8409722222222221 0.08991769547325103 0.8467592592592592 0.04190672153635116 0.8612268518518518 0.005898491083676265 0.8630208333333333 0.0 0.6604166666666667 0.0 0.6625 0.0
1 0.5535493827160494 0.0659122085048011 0.5506558641975308 0.08820301783264745 0.5641589506172839 0.09506172839506172 0.568016975308642 0.06934156378600823
3 0.35679012345679006 0.876954732510288 0.35486111111111107 0.9026748971193416 0.3712577160493827 0.9078189300411522 0.3702932098765432 0.876954732510288
