1 0.5123649691358024 0.9249657064471878 0.5104359567901234 0.9455418381344307 0.524903549382716 0.952400548696845 0.5277970679012346 0.9249657064471878
1 0.6059220679012345 0.33511659807956107 0.6059220679012345 0.36426611796982167 0.6213541666666667 0.3625514403292181 0.6232831790123456 0.3419753086419753
1 0.5576967592592592 0.08477366255144032 0.5499807098765431 0.10363511659807956 0.5634837962962963 0.11735253772290809 0.5721643518518518 0.09677640603566529 0.5673418209876543 0.07620027434842248
0 0.3397183641975309 0.01790123456790123 0.33200231481481485 0.03676268861454046 0.32525077160493826 0.09334705075445816 0.32525077160493826 0.11220850480109737 0.32910879629629625 0.14821673525377227 0.3464699074074074 0.18079561042524003 0.3657600308641975 0.19965706447187928 0.3850501543209876 0.20137174211248285 0.40434027777777776 0.1722222222222222 0.40530478395061725 0.14993141289437587 0.40626929012345675 0.08991769547325103 0.40626929012345675 0.059053497942386825 0.38119212962962956 0.023045267489711932 0.371875 0.0
0 0.6724729938271604 0.004183813443072702 0.6647569444444444 0.0401920438957476 0.6801890432098765 0.10020576131687241 0.6859760802469135 0.14135802469135803 0.7023726851851851 0.19108367626886147 0.7216628086419753 0.21851851851851853 0.7071952160493827 0.24080932784636488 0.7100887345679011 0.28539094650205754 0.6936921296296297 0.3128257887517147 0.6859760802469135 0.3402606310013717 0.6744020061728394 0.37798353909465016 0.6879050925925925 0.38998628257887513 0.6724729938271604 0.4122770919067215 0.6724729938271604 0.4328532235939643 0.6879050925925925 0.4362825788751714 0.6975501543209877 0.44142661179698217 0.6975501543209877 0.4688614540466392 0.7149112654320987 0.44314128943758574 0.7187692901234567 0.4688614540466392 0.7274498456790124 0.47400548696844985 0.7390239197530863 0.45342935528120715 0.7563850308641975 0.44142661179698217 0.7997878086419752 0.47229080932784634 0.8123263888888889 0.4071330589849108 0.8142554012345679 0.34883401920438956 0.8036458333333333 0.32825788751714674 0.7727816358024691 0.32825788751714674 0.7911072530864197 0.2699588477366255 0.7930362654320987 0.25624142661179694 0.7882137345679011 0.18593964334705074 0.7602430555555555 0.1567901234567901 0.757349537037037 0.14478737997256513 0.757349537037037 0.09334705075445816 0.7428819444444444 0.06419753086419751 0.7370949074074074 0.04190672153635116 0.759278549382716 0.03333333333333333 0.761207561728395 0.0007544581618655644 0.740625 0.0
0 0.7014081790123456 0.6831961591220851 0.669579475308642 0.7552126200274348 0.6387152777777777 0.8323731138545953 0.6155671296296297 0.8838134430727023 0.5962770061728394 0.9095336076817558 0.5856674382716048 0.9078189300411522 0.5731288580246914 0.8580932784636488 0.5605902777777777 0.8495198902606309 0.5384066358024691 0.7414951989026063 0.540335648148148 0.722633744855967 0.5596257716049383 0.67119341563786 0.5740933641975308 0.6540466392318244 0.599170524691358 0.5974622770919067 0.6117091049382715 0.580315500685871 0.6387152777777777 0.5665980795610425 0.6657214506172838 0.5906035665294924 0.681153549382716 0.6094650205761316 0.6936921296296297 0.6300411522633744
1 0.17768132716049384 0.7637860082304526 0.17768132716049384 0.7895061728395062 0.19600694444444444 0.7963648834019204 0.19407793209876542 0.7569272976680383
1 0.5046489197530863 0.7072016460905349 0.5017554012345679 0.7397805212620027 0.5191165123456789 0.7414951989026063 0.5200810185185185 0.7072016460905349
1 0.7264853395061728 0.8855281207133059 0.7264853395061728 0.9181069958847735 0.7448109567901234 0.9215363511659806 0.7457754629629628 0.8889574759945129
17 0.5808449074074074 0.22537722908093277 0.5924189814814814 0.19451303155006858 0.6107445987654321 0.1773662551440329 0.6358217592592592 0.1567901234567901 0.6252121913580246 0.12764060356652948 0.6001350308641975 0.1362139917695473 0.5808449074074074 0.18079561042524003 0.5654128086419753 0.22709190672153634 0.5731288580246914 0.23737997256515772
