1 0.5278742283950617 0.4019890260631001 0.5259452160493827 0.43456790123456784 0.5461998456790124 0.437997256515775 0.5452353395061728 0.4139917695473251 0.5452353395061728 0.39341563786008227
1 0.4872878086419752 0.28010973936899847 0.4796489197530864 0.2973936899862825 0.4853587962962963 0.31268861454046626 0.49122299382716045 0.3248285322359396 0.5008680555555556 0.3248285322359396 0.5056134259259261 0.3161179698216734 0.5046489197530863 0.29211248285322355 0.5046489197530863 0.2715363511659808
1 0.6358989197530864 0.8237997256515774 0.6339699074074073 0.8563786008230452 0.650366512345679 0.8598079561042523 0.6513310185185185 0.8255144032921811
1 0.31182484567901236 0.5888888888888889 0.3089313271604938 0.619753086419753 0.3262924382716049 0.6266117969821673 0.3320794753086419 0.5957475994513032 0.3214699074074074 0.5837448559670781
1 0.47096836419753085 0.028189300411522632 0.46807484567901236 0.059053497942386825 0.4883294753086419 0.062482853223593954 0.48929398148148145 0.03333333333333333
0 0.8288001543209876 0.347119341563786 0.8181905864197531 0.39513031550068584 0.8162615740740741 0.4174211248285322 0.8181905864197531 0.4397119341563785 0.8075810185185185 0.46714677640603564 0.7882908950617283 0.44142661179698217 0.7776813271604938 0.47914951989026056 0.7805748456790124 0.5254458161865568 0.7882908950617283 0.5528806584362139 0.7911844135802468 0.5871742112482853 0.7882908950617283 0.6231824417009602 0.7902199074074073 0.6574759945130315 0.8017939814814814 0.6763374485596707 0.810474537037037 0.6831961591220851 0.8316936728395061 0.7020576131687243 0.8500192901234568 0.7140603566529492 0.8712384259259258 0.7140603566529492 0.8905285493827161 0.7174897119341563 0.8953510802469135 0.7106310013717421 0.8770254629629629 0.6420438957475995 0.8664158950617283 0.6077503429355281 0.8586998456790124 0.5991769547325103 0.8423032407407407 0.5665980795610425 0.8490547839506172 0.5237311385459533 0.8615933641975307 0.4877229080932784 0.8953510802469135 0.4945816186556927 0.8982445987654321 0.4877229080932784 0.9146412037037037 0.4911522633744856 0.9146412037037037 0.501440329218107 0.9262152777777778 0.49286694101508915 0.9271797839506172 0.477434842249657 0.9262152777777778 0.4448559670781893 0.9136766975308641 0.4037037037037037 0.9049961419753085 0.3968449931412894 0.9011381172839505 0.3676954732510288 0.8963155864197531 0.32825788751714674 0.9127121913580247 0.3402606310013717 0.9098186728395061 0.3128257887517147 0.8876350308641975 0.29739368998628257 0.8722029320987654 0.3042524005486968 0.8480902777777778 0.3076817558299039 0.8336226851851851 0.32139917695473247
0 0.337866512345679 0.852949245541838 0.3233989197530864 0.8700960219478737 0.3195408950617284 0.89238683127572 0.31375385802469136 0.9386831275720163 0.3214699074074074 0.9558299039780521 0.3311149691358024 0.9575445816186556 0.3388310185185185 0.9849794238683126 0.34847608024691357 0.9969821673525376 0.3776041666666667 0.9990740740740741 0.4073109567901234 0.9935528120713305 0.4140625 0.9712620027434841 0.42949459876543206 0.9575445816186556 0.42177854938271603 0.9163923182441701 0.4246720679012345 0.8820987654320988 0.39284336419753085 0.8838134430727023 0.39091435185185186 0.8632373113854594 0.3648726851851852 0.837517146776406 0.34847608024691357 0.8323731138545953
0 0.04755015432098765 0.6609053497942387 0.0706983024691358 0.6626200274348422 0.09288194444444443 0.6403292181069958 0.10734953703703702 0.619753086419753 0.10927854938271604 0.5751714677640603 0.09963348765432098 0.5477366255144033 0.08323688271604938 0.5391632373113855 0.0687692901234568 0.5340192043895746 0.05237268518518518 0.5237311385459533 0.019579475308641972 0.528875171467764 0.008969907407407407 0.5443072702331961 0.008969907407407407 0.5734567901234567 0.01572145061728395 0.5837448559670781 0.036940586419753084 0.5888888888888889 0.029224537037037035 0.6334705075445817
0 0.2105516975308642 0.7329218106995885 0.19511959876543208 0.762071330589849 0.19126157407407404 0.7946502057613168 0.2028356481481481 0.8049382716049382 0.2144097222222222 0.8152263374485595 0.24623842592592593 0.8169410150891632 0.25106095679012347 0.8083676268861453 0.2587770061728395 0.7877914951989026 0.26359953703703703 0.7500685871056241 0.25298996913580246 0.7243484224965705 0.22019675925925924 0.7260631001371741
1 0.45650077160493824 0.4877229080932784 0.4526427469135802 0.5134430727023319 0.46807484567901236 0.5134430727023319 0.47096836419753085 0.4860082304526748
2 0.6764081790123456 0.3505486968449931 0.6985918209876544 0.3676954732510288 0.7063078703703703 0.3402606310013717 0.6802662037037037 0.3196844993141289
1 0.6870177469135802 0.6266117969821673 0.6850887345679012 0.6540466392318244 0.7034143518518517 0.6557613168724279 0.7072723765432098 0.6283264746227708
1 0.6937692901234568 0.4448559670781893 0.6899112654320987 0.4688614540466392 0.7053433641975307 0.47914951989026056 0.7111304012345678 0.4551440329218107
1 0.1806520061728395 0.34368998628257885 0.17679398148148145 0.3711248285322359 0.1922260802469136 0.3796982167352537 0.1989776234567901 0.35912208504801096
1 0.6821952160493827 0.05219478737997256 0.6802662037037037 0.08991769547325103 0.6995563271604938 0.09677640603566529 0.7005208333333334 0.059053497942386825
