0 0.38958333333333334 0.004183813443072702 0.38572530864197524 0.023045267489711932 0.3934413580246913 0.045336076817558295 0.4011574074074074 0.05219478737997256 0.4069444444444444 0.06762688614540467 0.42430555555555555 0.07620027434842248 0.4397376543209876 0.0916323731138546 0.46288580246913574 0.09506172839506172 0.4677083333333333 0.09506172839506172 0.4831404320987654 0.07962962962962963 0.4918209876543209 0.04705075445816186 0.501466049382716 0.023045267489711932 0.5052083333333334 0.0 0.39010416666666664 0.0
1 0.4561342592592592 0.6557613168724279 0.4561342592592592 0.6849108367626886 0.4715663580246913 0.6866255144032921 0.47445987654320987 0.6506172839506172
1 0.737770061728395 0.7397805212620027 0.737770061728395 0.7757887517146776 0.7551311728395061 0.7757887517146776 0.7551311728395061 0.7380658436213992 0.7474151234567901 0.7380658436213992
0 0.9277777777777777 0.7946502057613168 0.9181327160493827 0.8323731138545953 0.9152391975308641 0.8546639231824417 0.9306712962962962 0.8752400548696845 0.9470679012345679 0.8855281207133059 0.9605709876543209 0.8872427983539094 0.9779320987654321 0.864951989026063 0.9798611111111111 0.8443758573388203 0.9779320987654321 0.8100823045267489 0.966358024691358 0.7792181069958848 0.9605709876543209 0.7689300411522633 0.9393518518518518 0.7637860082304526
1 0.44166666666666665 0.7603566529492455 0.44166666666666665 0.7946502057613168 0.46288580246913574 0.798079561042524 0.45806327160493826 0.7500685871056241
1 0.886304012345679 0.16707818930041152 0.8853395061728394 0.19965706447187928 0.9036651234567901 0.20480109739368996 0.9036651234567901 0.16707818930041152
1 0.964429012345679 0.43456790123456784 0.966358024691358 0.46543209876543207 0.9846836419753086 0.46714677640603564 0.9827546296296296 0.4328532235939643
1 0.5834490740740741 0.8169410150891632 0.5853780864197531 0.8426611796982166 0.6037037037037037 0.8443758573388203 0.6008101851851851 0.8152263374485595
0 0.573804012345679 0.7106310013717421 0.5988811728395061 0.7757887517146776 0.6056327160493827 0.7895061728395062 0.6201003086419753 0.7723593964334704 0.6374614197530863 0.7569272976680383 0.646141975308642 0.7294924554183814 0.6490354938271604 0.6934842249657064 0.648070987654321 0.6626200274348422 0.648070987654321 0.643758573388203 0.648070987654321 0.6231824417009602 0.6268518518518518 0.6094650205761316 0.6037037037037037 0.6351851851851852 0.5979166666666667 0.6454732510288066 0.5834490740740741 0.6729080932784636
1 0.3346064814814815 0.7209190672153635 0.3346064814814815 0.7500685871056241 0.35100308641975303 0.7534979423868312 0.3529320987654321 0.7192043895747599
1 0.28445216049382716 0.7192043895747599 0.28252314814814816 0.7534979423868312 0.2998842592592592 0.7552126200274348 0.2998842592592592 0.722633744855967
0 0.6037037037037037 0.5443072702331961 0.6220293209876543 0.568312757201646 0.6316743827160494 0.5717421124828531 0.6548225308641975 0.5511659807956104 0.6673611111111111 0.5151577503429355 0.6683256172839506 0.49801097393689986 0.6606095679012345 0.46200274348422493 0.6384259259259258 0.4362825788751714 0.6336033950617284 0.4019890260631001 0.6181712962962963 0.39855967078189297 0.6037037037037037 0.42427983539094644 0.6046682098765431 0.4551440329218107 0.6008101851851851 0.46543209876543207 0.6152777777777777 0.49801097393689986
