0 0.8178240740740741 0.22537722908093277 0.7956404320987654 0.24423868312757202 0.7879243827160494 0.2699588477366255 0.7859953703703704 0.295679012345679 0.8023919753086418 0.32825788751714674 0.8226466049382715 0.3505486968449931 0.8409722222222221 0.36426611796982167 0.8554398148148148 0.33511659807956107 0.8641203703703704 0.3128257887517147 0.8554398148148148 0.25109739368998624 0.8429012345679011 0.23909465020576132
1 0.9094521604938272 0.5957475994513032 0.9094521604938272 0.6334705075445817 0.9248842592592592 0.6368998628257887 0.9287422839506172 0.5991769547325103
1 0.646141975308642 0.7483539094650206 0.646141975308642 0.7757887517146776 0.6625385802469135 0.7860768175582991 0.6663966049382715 0.7534979423868312
0 0.10023148148148148 0.7552126200274348 0.1195216049382716 0.7500685871056241 0.14170524691358025 0.7483539094650206 0.15906635802469135 0.7603566529492455 0.18607253086419753 0.7637860082304526 0.20536265432098763 0.7929355281207132 0.2034336419753086 0.8546639231824417 0.19475308641975309 0.8855281207133059 0.20054012345679012 0.912962962962963 0.22754629629629627 0.8855281207133059 0.25358796296296293 0.8718106995884773 0.2748070987654321 0.873525377229081 0.2912037037037037 0.900960219478738 0.2902391975308642 0.9506858710562414 0.27673611111111107 0.9712620027434841 0.2304398148148148 0.9832647462277091 0.21354166666666666 0.9990740740740741 0.15416666666666667 0.9990740740740741 0.13645833333333332 0.9990740740740741 0.15713734567901233 0.9712620027434841 0.14652777777777776 0.9661179698216735 0.13977623456790125 0.9609739368998628 0.1204861111111111 0.9472565157750342 0.09637345679012346 0.9421124828532237 0.0876929012345679 0.9386831275720163 0.06550925925925925 0.9352537722908092 0.03946759259259259 0.9163923182441701 0.03271604938271604 0.8958161865569273 0.027893518518518515 0.8803840877914951 0.030787037037037036 0.8392318244170096 0.04718364197530864 0.8066529492455418 0.05297067901234567 0.7997942386831275 0.0722608024691358 0.7860768175582991 0.0876929012345679 0.7792181069958848
1 0.35582561728395057 0.44314128943758574 0.35486111111111107 0.46714677640603564 0.3741512345679012 0.47057613168724277 0.3741512345679012 0.4397119341563785
1 0.7647762345679011 0.5220164609053497 0.7618827160493827 0.5563100137174211 0.7782793209876543 0.5597393689986282 0.7811728395061728 0.5254458161865568
1 0.9692515432098765 0.18593964334705074 0.9692515432098765 0.22023319615912207 0.9904706790123455 0.22194787379972564 0.9885416666666665 0.18936899862825785
1 0.30856481481481485 0.6883401920438957 0.3076003086419753 0.7140603566529492 0.32206790123456785 0.7192043895747599 0.33074845679012344 0.6900548696844993
1 0.4455246913580247 0.36598079561042524 0.44263117283950615 0.39341563786008227 0.46385030864197524 0.4019890260631001 0.46288580246913574 0.3625514403292181
1 0.8891975308641975 0.7380658436213992 0.8891975308641975 0.7706447187928669 0.9055941358024691 0.7740740740740739 0.9055941358024691 0.7397805212620027
0 0.2130787037037037 0.21165980795610423 0.1995756172839506 0.22194787379972564 0.19571759259259258 0.2545267489711934 0.1976466049382716 0.28367626886145403 0.2130787037037037 0.3196844993141289 0.23622685185185185 0.3539780521262002 0.24297839506172839 0.3625514403292181 0.26612654320987655 0.3917009602194787 0.30567129629629625 0.40027434842249654 0.3162808641975309 0.40027434842249654 0.35003858024691353 0.3711248285322359 0.3606481481481481 0.33511659807956107 0.3654706790123457 0.31454046639231825 0.3780092592592592 0.26310013717421127 0.38090277777777776 0.2493827160493827 0.38186728395061725 0.21165980795610423 0.3683641975308642 0.18079561042524003 0.3403935185185185 0.1722222222222222 0.31917438271604937 0.17908093278463647 0.2979552469135802 0.16021947873799722 0.2902391975308642 0.15336076817558297 0.26805555555555555 0.1567901234567901 0.25358796296296293 0.18765432098765428
1 0.5159336419753086 0.2030864197530864 0.5149691358024691 0.23395061728395058 0.5294367283950617 0.23737997256515772 0.5332947530864197 0.20651577503429353
