1 0.1937885802469136 0.4568587105624142 0.19282407407407404 0.4877229080932784 0.2130787037037037 0.4945816186556927 0.2159722222222222 0.4551440329218107
0 0.005709876543209876 0.28882030178326473 0.02210648148148148 0.29396433470507544 0.034645061728395064 0.30596707818930036 0.03753858024691358 0.2751028806584362 0.050077160493827155 0.24080932784636488 0.0741898148148148 0.22023319615912207 0.08287037037037037 0.1773662551440329 0.08576388888888889 0.1619341563786008 0.08672839506172839 0.11563786008230452 0.07322530864197531 0.07448559670781892 0.05297067901234567 0.059053497942386825 0.03657407407407407 0.050480109739368985 0.009567901234567902 0.06762688614540467 0.0 0.08796296296296297 0.0 0.2814814814814815
0 0.9769675925925925 0.1516460905349794 0.9586419753086418 0.12421124828532233 0.9354938271604938 0.11906721536351166 0.9229552469135801 0.12935528120713305 0.9027006172839506 0.14307270233196157 0.8930555555555555 0.14821673525377227 0.8728009259259258 0.18079561042524003 0.8631558641975308 0.21680384087791496 0.8448302469135801 0.2665294924554184 0.8515817901234567 0.3111111111111111 0.8785879629629628 0.3316872427983539 0.9162037037037037 0.33511659807956107 0.9316358024691358 0.3762688614540466 0.9374228395061728 0.4122770919067215 0.9432098765432098 0.4397119341563785 0.9470679012345679 0.46714677640603564 0.9499614197530863 0.4877229080932784 0.968287037037037 0.49286694101508915 0.9692515432098765 0.5203017832647462 0.9624999999999999 0.5494513031550069 0.9731095679012345 0.5751714677640603 0.9981867283950617 0.5957475994513032 0.9991512345679011 0.11906721536351166 0.9914351851851851 0.14821673525377227 0.9827546296296296 0.19622770919067214 0.9740740740740741 0.1722222222222222
1 0.6422839506172838 0.6969135802469135 0.6432484567901234 0.7260631001371741 0.655787037037037 0.722633744855967 0.655787037037037 0.6969135802469135
1 0.39826388888888886 0.8220850480109738 0.40019290123456785 0.8426611796982166 0.41466049382716047 0.8409465020576131 0.41080246913580243 0.8203703703703703
1 0.5217206790123456 0.7672153635116598 0.5255787037037037 0.8015089163237311 0.5381172839506173 0.8032235939643346 0.5381172839506173 0.7706447187928669
1 0.3587191358024691 0.5597393689986282 0.3587191358024691 0.5837448559670781 0.3712577160493827 0.5957475994513032 0.3780092592592592 0.580315500685871 0.3751157407407407 0.5614540466392318 0.3683641975308642 0.5545953360768175
0 0.10119598765432097 0.9901234567901234 0.1040895061728395 0.9558299039780521 0.10794753086419752 0.9283950617283949 0.09637345679012346 0.912962962962963 0.08094135802469135 0.9232510288065844 0.07515432098765432 0.8838134430727023 0.07515432098765432 0.8512345679012345 0.0886574074074074 0.8220850480109738 0.11277006172839506 0.8049382716049382 0.14556327160493826 0.7877914951989026 0.17546296296296296 0.7895061728395062 0.19475308641975309 0.8169410150891632 0.22754629629629627 0.8323731138545953 0.261304012345679 0.8426611796982166 0.27094907407407404 0.864951989026063 0.30181327160493826 0.9249657064471878 0.32110339506172836 0.9884087791495197 0.30416666666666664 0.9990740740740741 0.27094907407407404 0.9832647462277091 0.2564814814814815 0.9832647462277091 0.24635416666666668 0.9990740740740741 0.1046875 0.9990740740740741
0 0.3384645061728395 0.7054869684499313 0.3239969135802469 0.7432098765432098 0.32013888888888886 0.7603566529492455 0.30663580246913574 0.8220850480109738 0.30952932098765434 0.864951989026063 0.3336419753086419 0.8700960219478737 0.36450617283950615 0.8803840877914951 0.39826388888888886 0.89238683127572 0.4069444444444444 0.8580932784636488 0.3780092592592592 0.8100823045267489 0.4030864197530864 0.762071330589849 0.4079089506172839 0.7534979423868312 0.4204475308641975 0.6986282578875171 0.4320216049382716 0.6780521262002742 0.4522762345679012 0.6694787379972564 0.46192129629629625 0.6626200274348422 0.43298611111111107 0.6163237311385459 0.4127314814814814 0.6248971193415637 0.4050154320987654 0.6266117969821673 0.3702932098765432 0.6283264746227708 0.35486111111111107 0.6523319615912209 0.34618055555555555 0.6763374485596707
0 0.37318672839506173 0.4071330589849108 0.37318672839506173 0.42942386831275714 0.38958333333333334 0.4328532235939643 0.39054783950617283 0.4071330589849108
0 0.7811728395061728 0.604320987654321 0.7618827160493827 0.6248971193415637 0.7435570987654321 0.6471879286694101 0.7416280864197531 0.6729080932784636 0.7609182098765431 0.7157750342935527 0.7879243827160494 0.7329218106995885 0.812037037037037 0.6900548696844993 0.8390432098765431 0.6677640603566529 0.8457947530864197 0.6386145404663923 0.8322916666666667 0.6026063100137173 0.8149305555555555 0.5871742112482853 0.7994984567901234 0.5820301783264745 0.7908179012345679 0.592318244170096
