1 0.810474537037037 0.3711248285322359 0.806616512345679 0.39855967078189297 0.82397762345679 0.41570644718792865 0.8336226851851851 0.3831275720164609
0 0.904031635802469 0.002469135802469127 0.8905285493827161 0.014471879286694092 0.8760416666666667 0.0 0.8577353395061728 0.01790123456790123 0.8625578703703703 0.045336076817558295 0.8770254629629629 0.07620027434842248 0.8828125 0.11563786008230452 0.8982445987654321 0.14821673525377227 0.9310378086419752 0.15850480109739368 0.9763695987654321 0.18079561042524003 0.9985532407407407 0.1619341563786008 0.9994791666666667 0.08148148148148149 0.9994791666666667 0.0
0 0.21730324074074073 0.18422496570644717 0.21730324074074073 0.20651577503429353 0.23369984567901234 0.2082304526748971 0.23562885802469136 0.1773662551440329 0.2279128086419753 0.1722222222222222
1 0.8529128086419752 0.8958161865569273 0.8519483024691358 0.9232510288065844 0.8693094135802468 0.9215363511659806 0.8673804012345678 0.8958161865569273
1 0.13917824074074076 0.014471879286694092 0.14014274691358025 0.04362139917695472 0.16136188271604937 0.04705075445816186 0.16039737654320987 0.011042524005486967
5 0.24334490740740738 0.5374485596707819 0.2684220679012345 0.5528806584362139 0.27324459876543206 0.5203017832647462 0.25684799382716045 0.5065843621399176 0.24623842592592593 0.4997256515775034
0 0.06780478395061729 0.002469135802469127 0.0706983024691358 0.03676268861454046 0.06684027777777776 0.08648834019204388 0.06684027777777776 0.10020576131687241 0.05237268518518518 0.13964334705075446 0.028260030864197528 0.1979423868312757 0.014756944444444442 0.23223593964334702 0.03308256172839506 0.23566529492455415 0.03790509259259259 0.25624142661179694 0.06298225308641975 0.26310013717421127 0.08323688271604938 0.2665294924554184 0.09191743827160494 0.25624142661179694 0.11024305555555555 0.2082304526748971 0.1198881172839506 0.16364883401920438 0.12181712962962962 0.14993141289437587 0.1189236111111111 0.048765432098765424 0.11603009259259259 0.0007544581618655644 0.10833333333333334 0.0
1 0.22598379629629628 0.9506858710562414 0.22019675925925924 0.9781207133058983 0.23562885802469136 0.9952674897119341 0.24816743827160492 0.9678326474622769 0.23852237654320987 0.9472565157750342
1 0.7574266975308641 0.7792181069958848 0.7564621913580247 0.8032235939643346 0.7776813271604938 0.8083676268861453 0.7757523148148148 0.7757887517146776
0 0.334008487654321 0.10020576131687241 0.31182484567901236 0.12935528120713305 0.3050733024691358 0.1825102880658436 0.2925347222222222 0.24766803840877913 0.30314429012345673 0.3042524005486968 0.31568287037037035 0.34883401920438956 0.32532793209876537 0.3814128943758573 0.3561921296296296 0.39855967078189297 0.3725887345679012 0.40027434842249654 0.38030478395061723 0.42942386831275714 0.4130979938271605 0.43456790123456784 0.4381751543209876 0.42942386831275714 0.4516782407407407 0.47400548696844985 0.4613233024691358 0.4808641975308641 0.4854359567901234 0.4997256515775034 0.5037615740740741 0.4877229080932784 0.5037615740740741 0.4328532235939643 0.49797453703703703 0.4037037037037037 0.513406635802469 0.37798353909465016 0.5240162037037037 0.3711248285322359 0.566454475308642 0.4191358024691358 0.5770640432098765 0.42599451303155 0.5982831790123456 0.37283950617283945 0.58960262345679 0.33340192043895744 0.6195023148148148 0.3316872427983539 0.6301118827160493 0.3368312757201646 0.6320408950617283 0.2733882030178326 0.6301118827160493 0.26481481481481484 0.6339699074074073 0.2236625514403292 0.654224537037037 0.15850480109739368 0.6387924382716048 0.12421124828532233 0.6195023148148148 0.1567901234567901 0.5789930555555555 0.17565157750342936 0.5635609567901234 0.18936899862825785 0.5471643518518517 0.20137174211248285 0.5355902777777778 0.19451303155006858 0.5201581790123456 0.2082304526748971 0.5191936728395061 0.22709190672153634 0.5220871913580247 0.25624142661179694 0.4777199074074074 0.26138545953360764 0.46421682098765427 0.26481481481481484 0.4516782407407407 0.3025377229080932 0.4343171296296296 0.29224965706447187 0.42756558641975306 0.25109739368998624 0.44396219135802467 0.20480109739368996 0.4487847222222222 0.19622770919067214 0.41213348765432095 0.16707818930041152 0.3841628086419753 0.1362139917695473 0.3687307098765432 0.11392318244170097 0.345582561728395 0.101920438957476
1 0.900173611111111 0.6763374485596707 0.8982445987654321 0.7037722908093278 0.9165702160493827 0.7054869684499313 0.9156057098765431 0.679766803840878
