1 0.5432291666666667 0.4191358024691358 0.5432291666666667 0.4517146776406036 0.5605902777777777 0.45 0.5596257716049383 0.4191358024691358
0 0.29052854938271605 0.49286694101508915 0.28184799382716047 0.5357338820301782 0.280883487654321 0.568312757201646 0.2615933641975309 0.5854595336076818 0.2413387345679012 0.619753086419753 0.22494212962962962 0.6420438957475995 0.20179398148148145 0.6729080932784636 0.18636188271604937 0.6454732510288066 0.18153935185185185 0.6283264746227708 0.17768132716049384 0.5545953360768175 0.16610725308641974 0.5271604938271605 0.1622492283950617 0.4757201646090534 0.17382330246913577 0.46028806584362136 0.18925540123456788 0.4808641975308641 0.20372299382716047 0.47400548696844985 0.19986496913580246 0.44142661179698217 0.18443287037037034 0.42599451303155 0.17768132716049384 0.3968449931412894 0.18346836419753085 0.3676954732510288 0.2075810185185185 0.3676954732510288 0.22397762345679012 0.34368998628257885 0.24519675925925927 0.3265432098765432 0.25773533950617283 0.32139917695473247 0.288599537037037 0.28710562414266116 0.30885416666666665 0.3111111111111111 0.3107831790123457 0.3419753086419753 0.30113811728395057 0.3831275720164609 0.31849922839506173 0.3848422496570645 0.33103780864197524 0.4037037037037037 0.33393132716049384 0.42085048010973936 0.33296682098765434 0.4688614540466392 0.33200231481481485 0.489437585733882 0.32717978395061725 0.5151577503429355 0.3117476851851852 0.5220164609053497 0.30306712962962956 0.49286694101508915
0 0.4419560185185185 0.5048696844993141 0.42170138888888886 0.540877914951989 0.41302083333333334 0.5786008230452674 0.4313464506172839 0.5991769547325103 0.4622106481481481 0.6128943758573387 0.4786072530864197 0.6060356652949245 0.4805362654320987 0.5545953360768175 0.4737847222222222 0.516872427983539 0.45256558641975303 0.489437585733882
0 0.38697916666666665 0.6351851851851852 0.362866512345679 0.6300411522633744 0.34164737654320987 0.6386145404663923 0.3493634259259259 0.6694787379972564 0.36768904320987655 0.6917695473251029 0.3850501543209876 0.7020576131687243 0.3975887345679012 0.6849108367626886 0.40626929012345675 0.6626200274348422
1 0.45835262345679006 0.12078189300411521 0.4602816358024691 0.15336076817558297 0.4795717592592592 0.1516460905349794 0.4795717592592592 0.12421124828532233
1 0.5856674382716048 0.7037722908093278 0.5837384259259258 0.7277777777777777 0.6001350308641975 0.734636488340192 0.6001350308641975 0.7020576131687243
1 0.10823688271604938 0.25624142661179694 0.10727237654320988 0.28710562414266116 0.12173996913580247 0.28882030178326473 0.12270447530864197 0.2493827160493827
1 0.29342206790123454 0.8718106995884773 0.29535108024691353 0.9061042524005487 0.31849922839506173 0.9026748971193416 0.3127121913580247 0.864951989026063
1 0.4786072530864197 0.8392318244170096 0.4776427469135802 0.8718106995884773 0.4921103395061728 0.8683813443072701 0.48825231481481474 0.8340877914951988
1 0.7988233024691358 0.7294924554183814 0.7988233024691358 0.7586419753086419 0.8161844135802468 0.7569272976680383 0.8142554012345679 0.722633744855967
0 0.7698881172839506 0.3076817558299039 0.753491512345679 0.2682441700960219 0.747704475308642 0.26138545953360764 0.7197337962962962 0.2528120713305898 0.7023726851851851 0.24595336076817556 0.671508487654321 0.2528120713305898 0.6522183641975308 0.29396433470507544 0.6493248456790124 0.36598079561042524 0.6647569444444444 0.42427983539094644 0.6869405864197531 0.4551440329218107 0.7168402777777777 0.4585733882030178 0.7438464506172838 0.44828532235939644 0.759278549382716 0.42599451303155 0.7660300925925925 0.4174211248285322 0.7669945987654321 0.5100137174211248 0.7641010802469135 0.5305898491083676 0.7737461419753086 0.6008916323731138 0.7843557098765431 0.6454732510288066 0.8181134259259258 0.6420438957475995 0.8422260802469135 0.6180384087791495 0.8721257716049382 0.5888888888888889 0.8827353395061728 0.5425925925925926 0.8865933641975308 0.516872427983539 0.8885223765432098 0.477434842249657 0.8788773148148148 0.4311385459533607 0.8721257716049382 0.42256515775034287 0.8325810185185184 0.40027434842249654 0.8132908950617284 0.37798353909465016 0.8094328703703704 0.36426611796982167 0.7920717592592592 0.3265432098765432 0.7804976851851851 0.3196844993141289
1 0.669579475308642 0.048765432098765424 0.6676504629629629 0.07791495198902607 0.6801890432098765 0.08134430727023319 0.6850115740740741 0.05390946502057613
