1 0.6773726851851851 0.6026063100137173 0.6773726851851851 0.6334705075445817 0.6956983024691358 0.6300411522633744 0.6956983024691358 0.5991769547325103
1 0.732349537037037 0.6489026063100137 0.732349537037037 0.6763374485596707 0.7506751543209876 0.6746227709190671 0.747781635802469 0.6420438957475995
1 0.18258101851851852 0.6934842249657064 0.18354552469135801 0.7277777777777777 0.19994212962962962 0.7243484224965705 0.1989776234567901 0.6900548696844993
1 0.6262538580246914 0.5580246913580247 0.6252893518518517 0.5888888888888889 0.6416859567901234 0.5871742112482853 0.6397569444444444 0.5580246913580247
1 0.3262924382716049 0.10877914951989025 0.3262924382716049 0.1362139917695473 0.34751157407407407 0.14307270233196157 0.3446180555555555 0.10534979423868313
1 0.42853009259259256 0.5665980795610425 0.42853009259259256 0.5888888888888889 0.4420331790123457 0.5906035665294924 0.4429976851851852 0.5631687242798353
1 0.7979359567901234 0.21680384087791496 0.7979359567901234 0.25109739368998624 0.8152970679012345 0.24766803840877913 0.8143325617283951 0.21337448559670777
1 0.1198881172839506 0.43456790123456784 0.1372492283950617 0.43456790123456784 0.1362847222222222 0.47229080932784634 0.1179591049382716 0.4688614540466392
2 0.34268904320987653 0.3762688614540466 0.34268904320987653 0.4054183813443072 0.3706597222222222 0.41056241426611795 0.3687307098765432 0.374554183813443
1 0.5857445987654321 0.2030864197530864 0.587673611111111 0.22880658436213988 0.6059992283950617 0.22537722908093277 0.6021412037037037 0.19108367626886147
0 0.3291859567901234 0.0007544581618655644 0.334008487654321 0.050480109739368985 0.35233410493827155 0.10534979423868313 0.3725887345679012 0.12078189300411521 0.38512731481481477 0.13278463648834019 0.4082754629629629 0.14478737997256513 0.42660108024691357 0.1567901234567901 0.4381751543209876 0.16879286694101506 0.4468557098765432 0.19108367626886147 0.46614583333333326 0.2150891632373114 0.4748263888888889 0.21337448559670777 0.4835069444444444 0.2082304526748971 0.49315200617283944 0.18079561042524003 0.49990354938271603 0.1567901234567901 0.49604552469135804 0.13106995884773662 0.4835069444444444 0.101920438957476 0.4777199074074074 0.03333333333333333 0.5105131172839505 0.029903978052126193 0.5220871913580247 0.06762688614540467 0.5365547839506173 0.08134430727023319 0.5365547839506173 0.11392318244170097 0.5481288580246914 0.12421124828532233 0.566454475308642 0.12421124828532233 0.591531635802469 0.12764060356652948 0.5982831790123456 0.09849108367626884 0.6069637345679012 0.1362139917695473 0.6156442901234568 0.1259259259259259 0.6397569444444444 0.08648834019204388 0.644579475308642 0.0401920438957476 0.6397569444444444 0.01790123456790123 0.6223958333333334 0.0007544581618655644
1 0.6378279320987654 0.6746227709190671 0.6407214506172838 0.7003429355281207 0.652295524691358 0.69519890260631 0.652295524691358 0.6729080932784636
1 0.6850887345679012 0.813511659807956 0.6841242283950617 0.8409465020576131 0.7024498456790124 0.8426611796982166 0.7024498456790124 0.8169410150891632
