21 0.4069444444444444 0.7054869684499313 0.421412037037037 0.7569272976680383 0.45131172839506173 0.813511659807956 0.4841049382716049 0.8563786008230452 0.5149691358024691 0.8820987654320988 0.5207561728395061 0.8478052126200274 0.5062885802469136 0.8203703703703703 0.4792824074074074 0.7843621399176954 0.45131172839506173 0.7329218106995885 0.43298611111111107 0.6934842249657064
1 0.42430555555555555 0.18936899862825785 0.42430555555555555 0.20651577503429353 0.4368441358024691 0.21337448559670777 0.44166666666666665 0.19108367626886147
0 0.8988425925925925 0.22709190672153634 0.8795524691358024 0.23395061728395058 0.8477237654320987 0.24595336076817556 0.8390432098765431 0.24766803840877913 0.813966049382716 0.27681755829903976 0.7985339506172838 0.32825788751714674 0.7840663580246914 0.3676954732510288 0.7792438271604938 0.42427983539094644 0.7773148148148148 0.4517146776406036 0.7869598765432098 0.477434842249657 0.829398148148148 0.4911522633744856 0.8409722222222221 0.4945816186556927 0.8650848765432098 0.49801097393689986 0.8998070987654321 0.5065843621399176 0.9287422839506172 0.4962962962962963 0.9219907407407407 0.5563100137174211 0.9210262345679011 0.5991769547325103 0.9412808641975308 0.6368998628257887 0.972145061728395 0.5888888888888889 0.9837191358024691 0.5563100137174211 0.9837191358024691 0.516872427983539 0.9779320987654321 0.4757201646090534 0.9994791666666667 0.475 0.9808256172839506 0.3814128943758573 0.9615354938271604 0.35740740740740734 0.9412808641975308 0.36426611796982167 0.9287422839506172 0.29739368998628257 0.9171682098765431 0.2665294924554184
0 0.8197530864197531 0.024759945130315493 0.8168595679012345 0.05219478737997256 0.8236111111111111 0.07277091906721535 0.8419367283950617 0.08991769547325103 0.8429012345679011 0.10877914951989025 0.8525462962962962 0.13106995884773662 0.8564043209876542 0.16536351165980795 0.8679783950617284 0.16707818930041152 0.884375 0.17050754458161863 0.8766589506172838 0.1979423868312757 0.9055941358024691 0.2150891632373114 0.9268132716049382 0.24080932784636488 0.9499614197530863 0.2596707818930041 0.9895061728395061 0.24252400548696845 0.9994791666666667 0.21666666666666667 0.9994405864197531 0.09334705075445816 0.9637538580246914 0.08477366255144032 0.9434992283950617 0.0710562414266118 0.930960648148148 0.024759945130315493 0.911670524691358 0.002469135802469127 0.8865933641975308 0.026474622770919057 0.8846643518518518 0.048765432098765424 0.8653742283950617 0.023045267489711932 0.8509066358024691 0.01275720164609053 0.839332561728395 0.029903978052126193
1 0.13234953703703703 0.7706447187928669 0.1294560185185185 0.7946502057613168 0.1477816358024691 0.798079561042524 0.14971064814814813 0.7637860082304526
1 0.10148533950617283 0.7877914951989026 0.10052083333333334 0.8117969821673524 0.1111304012345679 0.8203703703703703 0.11884645061728394 0.8032235939643346 0.1120949074074074 0.7792181069958848
1 0.08605324074074074 0.27167352537722905 0.08508873456790123 0.3111111111111111 0.10437885802469135 0.3162551440329218 0.10630787037037036 0.2785322359396433
1 0.6541473765432098 0.5185871056241426 0.6502893518518518 0.5374485596707819 0.6618634259259258 0.5511659807956104 0.6734375 0.540877914951989 0.6657214506172838 0.516872427983539
1 0.7216628086419753 0.6094650205761316 0.7216628086419753 0.6351851851851852 0.7390239197530863 0.6368998628257887 0.7370949074074074 0.6008916323731138
1 0.9164930555555555 0.7895061728395062 0.915528549382716 0.8203703703703703 0.9290316358024691 0.8203703703703703 0.9319251543209875 0.7912208504801097
0 0.5441936728395061 0.28367626886145403 0.5297260802469135 0.3008230452674897 0.5200810185185185 0.3299725651577503 0.5191165123456789 0.33854595336076815 0.5152584876543209 0.3796982167352537 0.5258680555555555 0.4071330589849108 0.5509452160493827 0.42427983539094644 0.5702353395061728 0.4311385459533607 0.5847029320987654 0.4191358024691358 0.6088155864197531 0.4311385459533607 0.6271412037037037 0.4397119341563785 0.6435378086419753 0.42599451303155 0.6483603395061728 0.38998628257887513 0.6387152777777777 0.3316872427983539 0.6290702160493827 0.295679012345679 0.6126736111111111 0.28539094650205754 0.5953125 0.2802469135802469 0.5605902777777777 0.26310013717421127 0.5441936728395061 0.2579561042524005
1 0.7679591049382715 0.7860768175582991 0.757349537037037 0.7929355281207132 0.759278549382716 0.8152263374485595 0.774710648148148 0.8169410150891632
