1 0.7657407407407407 0.5957475994513032 0.7618827160493827 0.6146090534979424 0.7763503086419752 0.6283264746227708 0.7850308641975308 0.5991769547325103
0 0.3268904320987654 0.9472565157750342 0.31338734567901233 0.9369684499314128 0.30663580246913574 0.9146776406035664 0.2979552469135802 0.9026748971193416 0.28155864197530867 0.8872427983539094 0.26998456790123454 0.864951989026063 0.25841049382716047 0.8409465020576131 0.24587191358024688 0.8323731138545953 0.22851080246913577 0.8255144032921811 0.2323688271604938 0.7740740740740739 0.25937499999999997 0.7397805212620027 0.2873456790123457 0.7312071330589849 0.2912037037037037 0.7106310013717421 0.31724537037037037 0.7140603566529492 0.335570987654321 0.6986282578875171 0.3529320987654321 0.7106310013717421 0.3529320987654321 0.7380658436213992 0.3712577160493827 0.7466392318244169 0.38668981481481474 0.7500685871056241 0.415625 0.7517832647462277 0.43491512345679006 0.7792181069958848 0.4204475308641975 0.8049382716049382 0.40019290123456785 0.813511659807956 0.4050154320987654 0.8512345679012345 0.4300925925925926 0.8220850480109738 0.4445601851851852 0.8563786008230452 0.42816358024691353 0.876954732510288 0.42334104938271605 0.9026748971193416 0.4522762345679012 0.9369684499314128 0.4821759259259259 0.9455418381344307 0.4802469135802469 0.9678326474622769 0.4841049382716049 0.9901234567901234 0.47445987654320987 0.9986968449931413 0.34907407407407404 0.9952674897119341 0.32110339506172836 0.9935528120713305 0.31724537037037037 0.9575445816186556
1 0.6837577160493827 0.7209190672153635 0.6837577160493827 0.7552126200274348 0.6972608024691358 0.7534979423868312 0.6962962962962963 0.7157750342935527
1 0.5043595679012346 0.5545953360768175 0.503395061728395 0.5734567901234567 0.5197916666666667 0.5837448559670781 0.5226851851851851 0.5528806584362139 0.5149691358024691 0.5425925925925926
1 0.24297839506172839 0.46028806584362136 0.24297839506172839 0.489437585733882 0.263233024691358 0.4911522633744856 0.263233024691358 0.46028806584362136
1 0.5246141975308641 0.13449931412894373 0.5275077160493827 0.16021947873799722 0.5439043209876543 0.1619341563786008 0.5410108024691358 0.13449931412894373
1 0.8400077160493827 0.46028806584362136 0.8390432098765431 0.4860082304526748 0.8554398148148148 0.4911522633744856 0.8564043209876542 0.46200274348422493
1 0.4860339506172839 0.7603566529492455 0.4850694444444444 0.8015089163237311 0.5072530864197531 0.8015089163237311 0.5043595679012346 0.7637860082304526
1 0.2024691358024691 0.6729080932784636 0.2024691358024691 0.7037722908093278 0.2159722222222222 0.6986282578875171
1 0.829398148148148 0.7603566529492455 0.829398148148148 0.7826474622770919 0.813966049382716 0.7775034293552812 0.8168595679012345 0.7500685871056241
