1 0.20572916666666666 0.6643347050754458 0.20572916666666666 0.6934842249657064 0.22309027777777776 0.6934842249657064 0.22309027777777776 0.6574759945130315
1 0.44492669753086417 0.09849108367626884 0.44492669753086417 0.12935528120713305 0.46325231481481477 0.12935528120713305 0.4622878086419753 0.10020576131687241
1 0.7776813271604938 0.837517146776406 0.7767168209876544 0.864951989026063 0.7892554012345678 0.8666666666666666 0.7921489197530864 0.8358024691358025
5 0.8046875 0.8066529492455418 0.8268711419753085 0.8117969821673524 0.8210841049382716 0.7792181069958848 0.8008294753086419 0.7740740740740739
1 0.6407214506172838 0.2665294924554184 0.6397569444444444 0.29910836762688614 0.6590470679012345 0.3008230452674897 0.6600115740740741 0.26481481481481484
1 0.01861496913580247 0.3848422496570645 0.01861496913580247 0.41570644718792865 0.034047067901234566 0.4139917695473251 0.03501157407407407 0.3796982167352537
3 0.3214699074074074 0.6866255144032921 0.31278935185185186 0.7277777777777777 0.3320794753086419 0.7329218106995885 0.3446180555555555 0.6900548696844993 0.3359375 0.6746227709190671
1 0.904031635802469 0.6883401920438957 0.904031635802469 0.7157750342935527 0.9194637345679012 0.7123456790123456 0.9175347222222221 0.679766803840878
0 0.00028935185185185173 0.5425925925925926 0.011863425925925925 0.5717421124828531 0.026331018518518514 0.5614540466392318 0.03886959876543209 0.580315500685871 0.01572145061728395 0.6008916323731138 0.031153549382716045 0.619753086419753 0.036940586419753084 0.6523319615912209 0.03886959876543209 0.6746227709190671 0.05237268518518518 0.69519890260631 0.048514660493827154 0.7294924554183814 0.03886959876543209 0.8083676268861453 0.01572145061728395 0.8066529492455418 0.0 0.7916666666666666
0 0.20187114197530862 0.8803840877914951 0.1989776234567901 0.852949245541838 0.17775848765432095 0.8272290809327846 0.15750385802469136 0.8289437585733882 0.1372492283950617 0.8272290809327846 0.12663966049382716 0.8598079561042523 0.1362847222222222 0.8906721536351165 0.14110725308641975 0.9061042524005487 0.13917824074074076 0.9352537722908092 0.1343557098765432 0.9592592592592593 0.11506558641975309 0.9644032921810698 0.1265625 0.9990740740740741 0.17486496913580246 0.9952674897119341 0.1787229938271605 0.9849794238683126 0.20765817901234568 0.9695473251028807 0.2308063271604938 0.9472565157750342 0.23659336419753085 0.9335390946502057 0.22501929012345678 0.8958161865569273 0.2115162037037037 0.8872427983539094
0 0.26938657407407407 0.10020576131687241 0.25395447530864196 0.09677640603566529 0.24141589506172836 0.10020576131687241 0.2144097222222222 0.13964334705075446 0.20572916666666666 0.1567901234567901 0.20187114197530862 0.19108367626886147 0.1787229938271605 0.19279835390946504 0.18836805555555552 0.22537722908093277 0.18740354938271603 0.24080932784636488 0.1652199074074074 0.24252400548696845 0.14689429012345678 0.24423868312757202 0.12085262345679011 0.2596707818930041 0.08902391975308642 0.295679012345679 0.09577546296296297 0.34368998628257885 0.11120756172839505 0.36598079561042524 0.13917824074074076 0.3814128943758573 0.16329089506172836 0.35740740740740734 0.16907793209876543 0.38655692729766805 0.17679398148148145 0.42427983539094644 0.18354552469135801 0.42942386831275714 0.2105516975308642 0.4054183813443072 0.22116126543209877 0.42085048010973936 0.22694830246913578 0.44828532235939644 0.24430941358024688 0.4688614540466392 0.2607060185185185 0.477434842249657 0.24816743827160492 0.5323045267489711 0.26456404320987653 0.5631687242798353 0.27999614197530864 0.6008916323731138 0.3070023148148148 0.6163237311385459 0.32532793209876537 0.6060356652949245 0.3311149691358024 0.5854595336076818 0.32532793209876537 0.5374485596707819 0.3185763888888889 0.5220164609053497 0.33979552469135804 0.4808641975308641 0.3552276234567901 0.46714677640603564 0.37548225308641975 0.4585733882030178 0.39477237654320985 0.46543209876543207 0.42756558641975306 0.49286694101508915 0.4526427469135802 0.4945816186556927 0.4950810185185185 0.5100137174211248 0.5163001543209876 0.5031550068587105 0.5047260802469136 0.4808641975308641 0.49797453703703703 0.47057613168724277 0.5153356481481481 0.44828532235939644 0.5346257716049383 0.44314128943758574 0.5442708333333334 0.4139917695473251 0.5249807098765432 0.40027434842249654 0.509548611111111 0.39341563786008227 0.5027970679012346 0.3831275720164609 0.4883294753086419 0.34883401920438956 0.4883294753086419 0.32825788751714674 0.494116512345679 0.2905349794238683 0.4873649691358024 0.2579561042524005 0.49025848765432095 0.23909465020576132 0.4950810185185185 0.21680384087791496 0.4825424382716049 0.1979423868312757 0.45842978395061723 0.17565157750342936 0.4372106481481481 0.16879286694101506 0.4362461419753086 0.1567901234567901 0.4169560185185185 0.1362139917695473 0.39187885802469136 0.1362139917695473 0.37548225308641975 0.14993141289437587 0.3542631172839506 0.1619341563786008 0.3330439814814815 0.13106995884773662 0.3243634259259259 0.1259259259259259 0.2934992283950617 0.11220850480109737
1 0.19994212962962962 0.7363511659807956 0.1989776234567901 0.762071330589849 0.2163387345679012 0.762071330589849 0.21826774691358022 0.7277777777777777
1 0.10542052469135801 0.18936899862825785 0.10349151234567901 0.2150891632373114 0.12278163580246913 0.22023319615912207 0.1198881172839506 0.18765432098765428
