1 0.4821759259259259 0.5340192043895746 0.4821759259259259 0.5580246913580247 0.499537037037037 0.5597393689986282 0.499537037037037 0.5323045267489711
1 0.6287808641975308 0.38998628257887513 0.6278163580246914 0.4139917695473251 0.6413194444444444 0.4191358024691358 0.6422839506172838 0.3917009602194787
1 0.6606095679012345 0.13449931412894373 0.6606095679012345 0.16707818930041152 0.6779706790123456 0.16707818930041152 0.6770061728395061 0.13449931412894373
1 0.417554012345679 0.28196159122085046 0.415625 0.3076817558299039 0.43491512345679006 0.3076817558299039 0.43491512345679006 0.2802469135802469
1 0.42623456790123454 0.7586419753086419 0.42623456790123454 0.7860768175582991 0.4455246913580247 0.7912208504801097 0.4435956790123457 0.7552126200274348
1 0.907523148148148 0.6626200274348422 0.907523148148148 0.7003429355281207 0.9248842592592592 0.6986282578875171 0.9219907407407407 0.6574759945130315
1 0.7840663580246914 0.35912208504801096 0.7859953703703704 0.39341563786008227 0.8052854938271604 0.38998628257887513 0.8014274691358024 0.3539780521262002
5 0.8477237654320987 0.17908093278463647 0.8390432098765431 0.20480109739368996 0.8670138888888889 0.2493827160493827 0.8824459876543209 0.22194787379972564
1 0.42527006172839504 0.1379286694101509 0.42430555555555555 0.16879286694101506 0.4445601851851852 0.1722222222222222 0.4445601851851852 0.14135802469135803
1 0.45902777777777776 0.45342935528120715 0.45902777777777776 0.489437585733882 0.4792824074074074 0.489437585733882 0.4831404320987654 0.4585733882030178
1 0.33171296296296293 0.8323731138545953 0.33267746913580243 0.8598079561042523 0.35003858024691353 0.864951989026063 0.34907407407407404 0.8306584362139917
5 0.2912037037037037 0.17908093278463647 0.30567129629629625 0.25109739368998624 0.3268904320987654 0.23737997256515772 0.30567129629629625 0.15850480109739368
