1 0.32621527777777776 0.28367626886145403 0.3204282407407407 0.3093964334705075 0.33489583333333334 0.32139917695473247 0.34164737654320987 0.3025377229080932 0.3377893518518518 0.28882030178326473
0 0.40723379629629625 0.47400548696844985 0.41205632716049384 0.4945816186556927 0.4352044753086419 0.5631687242798353 0.4602816358024691 0.5700274348422496 0.5017554012345679 0.5254458161865568 0.5085069444444444 0.49801097393689986 0.526832561728395 0.4962962962962963 0.5384066358024691 0.4911522633744856 0.5528742283950617 0.4568587105624142 0.5538387345679011 0.44314128943758574 0.5615547839506173 0.4054183813443072 0.5596257716049383 0.36598079561042524 0.5499807098765431 0.35912208504801096 0.521045524691358 0.32825788751714674 0.5027199074074074 0.3402606310013717 0.4795717592592592 0.34368998628257885 0.4679976851851852 0.347119341563786 0.444849537037037 0.3539780521262002 0.4294174382716049 0.3831275720164609 0.41398533950617283 0.4328532235939643
1 0.3821566358024691 0.21851851851851853 0.38794367283950615 0.24423868312757202 0.3985532407407407 0.24252400548696845 0.3946952160493827 0.22023319615912207
3 0.5731288580246914 0.7946502057613168 0.5644483024691358 0.8169410150891632 0.5789158950617284 0.8323731138545953 0.5885609567901234 0.8220850480109738 0.5885609567901234 0.8066529492455418
1 0.8036458333333333 0.5700274348422496 0.8007523148148148 0.5991769547325103 0.8171489197530863 0.6060356652949245 0.8200424382716048 0.580315500685871
1 0.7284143518518518 0.10020576131687241 0.7245563271604938 0.12935528120713305 0.7380594135802468 0.1379286694101509 0.7438464506172838 0.10534979423868313
1 0.6541473765432098 0.03161865569272976 0.6522183641975308 0.05562414266117969 0.6647569444444444 0.06419753086419751 0.6705439814814814 0.04705075445816186
1 0.9348186728395061 0.46543209876543207 0.9328896604938272 0.489437585733882 0.9454282407407407 0.49801097393689986 0.9531442901234567 0.48429355281207126 0.9492862654320987 0.46543209876543207
1 0.33586033950617283 0.04705075445816186 0.33682484567901233 0.07791495198902607 0.3532214506172839 0.08134430727023319 0.3512924382716049 0.048765432098765424
1 0.6464313271604938 0.8666666666666666 0.6454668209876543 0.89238683127572 0.6628279320987654 0.9043895747599451 0.6628279320987654 0.8666666666666666
1 0.5316550925925925 0.734636488340192 0.5306905864197531 0.7637860082304526 0.5441936728395061 0.7672153635116598 0.5441936728395061 0.7363511659807956
0 0.30596064814814816 0.2579561042524005 0.284741512345679 0.3196844993141289 0.2683449074074074 0.3265432098765432 0.24519675925925927 0.32311385459533604 0.22880015432098763 0.28196159122085046 0.24905478395061728 0.23566529492455415 0.2606288580246913 0.19622770919067214 0.30017361111111107 0.18765432098765428 0.30885416666666665 0.23737997256515772 0.3165702160493827 0.24766803840877913
1 0.284741512345679 0.03333333333333333 0.2837770061728395 0.062482853223593954 0.30306712962962956 0.06934156378600823 0.30210262345679006 0.0401920438957476
