1 0.5616319444444444 0.3762688614540466 0.5587384259259258 0.4019890260631001 0.5712770061728395 0.4019890260631001 0.574170524691358 0.3711248285322359
1 0.4854359567901234 0.27681755829903976 0.4854359567901234 0.3008230452674897 0.5008680555555556 0.3042524005486968 0.49893904320987653 0.2733882030178326
1 0.27035108024691357 0.7277777777777777 0.26938657407407407 0.7569272976680383 0.2857831790123457 0.7569272976680383 0.2867476851851852 0.7277777777777777
1 0.8326581790123456 0.2751028806584362 0.8345871913580247 0.30596707818930036 0.8490547839506172 0.3042524005486968 0.8480902777777778 0.2699588477366255
1 0.5220871913580247 0.29739368998628257 0.5220871913580247 0.32311385459533604 0.5365547839506173 0.3248285322359396 0.5375192901234568 0.29224965706447187
1 0.30121527777777773 0.19451303155006858 0.29928626543209874 0.22537722908093277 0.31568287037037035 0.22880658436213988 0.31568287037037035 0.19622770919067214
2 0.2828896604938272 0.3402606310013717 0.2934992283950617 0.3419753086419753 0.3050733024691358 0.3419753086419753 0.3070023148148148 0.3128257887517147 0.2848186728395062 0.30596707818930036
1 0.21923225308641975 0.16364883401920438 0.2163387345679012 0.1979423868312757 0.23466435185185183 0.20137174211248285 0.23562885802469136 0.1619341563786008
0 0.9223572530864197 0.03676268861454046 0.9088541666666665 0.060768175582990386 0.8953510802469135 0.09506172839506172 0.8943865740740741 0.15507544581618654 0.9049961419753085 0.17908093278463647 0.9348958333333333 0.20651577503429353 0.9657600308641975 0.2150891632373114 0.982156635802469 0.2082304526748971 0.9956597222222221 0.18936899862825785 0.9994791666666667 0.1638888888888889 0.9937307098765431 0.13449931412894373 0.9831211419753085 0.10363511659807956 0.9638310185185185 0.07620027434842248 0.9619020061728395 0.048765432098765424 0.9348958333333333 0.045336076817558295
0 0.5606674382716049 0.7140603566529492 0.591531635802469 0.6849108367626886 0.6349344135802468 0.6729080932784636 0.6561535493827161 0.6763374485596707 0.669656635802469 0.679766803840878 0.7014853395061728 0.7432098765432098 0.7072723765432098 0.7672153635116598 0.7034143518518517 0.8478052126200274 0.7198109567901234 0.8495198902606309 0.728491512345679 0.8992455418381344 0.730420524691358 0.9112482853223592 0.7313850308641975 0.9472565157750342 0.7082368827160493 0.9609739368998628 0.6956983024691358 0.9592592592592593 0.6821952160493827 0.9712620027434841 0.6667631172839505 0.9986968449931413 0.6666666666666666 0.9990740740740741 0.5390625 0.9990740740740741 0.5298032407407407 0.979835390946502 0.5085841049382716 0.9746913580246912 0.5008680555555556 0.9986968449931413 0.5005208333333333 0.9990740740740741 0.42552083333333335 0.9990740740740741 0.4429976851851852 0.9438271604938271 0.44396219135802467 0.9266803840877914 0.44589120370370366 0.8838134430727023 0.415991512345679 0.8838134430727023 0.42563657407407407 0.8580932784636488 0.44492669753086417 0.837517146776406 0.45457175925925924 0.8237997256515774 0.46518132716049376 0.7877914951989026 0.46614583333333326 0.7689300411522633 0.4786844135802469 0.7294924554183814 0.49797453703703703 0.7123456790123456 0.5278742283950617 0.7192043895747599 0.5375192901234568 0.7209190672153635
1 0.334008487654321 0.49286694101508915 0.3349729938271605 0.5203017832647462 0.3465470679012345 0.5185871056241426 0.3446180555555555 0.4877229080932784
1 0.6667631172839505 0.4911522633744856 0.665798611111111 0.516872427983539 0.6812307098765431 0.5185871056241426 0.6821952160493827 0.49286694101508915
0 0.5751350308641975 0.101920438957476 0.566454475308642 0.11049382716049382 0.5587384259259258 0.12764060356652948 0.5539158950617283 0.1567901234567901 0.5674189814814814 0.17565157750342936 0.576099537037037 0.18422496570644717 0.5886381172839507 0.1825102880658436 0.6050347222222221 0.15850480109739368 0.6069637345679012 0.14821673525377227 0.6079282407407407 0.1259259259259259 0.5905671296296297 0.10534979423868313
1 0.2105516975308642 0.7775034293552812 0.20958719135802467 0.8049382716049382 0.2279128086419753 0.8049382716049382 0.22598379629629628 0.7775034293552812
