1 0.6953317901234567 0.28882030178326473 0.6953317901234567 0.3196844993141289 0.7107638888888889 0.3299725651577503 0.7194444444444444 0.29739368998628257
0 0.03560956790123457 0.016186556927297667 0.051041666666666666 0.045336076817558295 0.06840277777777777 0.08305898491083676 0.07708333333333334 0.13449931412894373 0.07708333333333334 0.1567901234567901 0.07804783950617283 0.18593964334705074 0.06743827160493826 0.23566529492455415 0.05297067901234567 0.27681755829903976 0.03560956790123457 0.32825788751714674 0.018248456790123456 0.36083676268861453 0.01246141975308642 0.43456790123456784 0.05297067901234567 0.5082990397805213 0.06647376543209876 0.5528806584362139 0.11566358024691356 0.5820301783264745 0.13977623456790125 0.5443072702331961 0.15810185185185185 0.47229080932784634 0.16195987654320987 0.4465706447187929 0.1841435185185185 0.29396433470507544 0.19185956790123454 0.2751028806584362 0.20632716049382713 0.23052126200274345 0.2130787037037037 0.21337448559670777 0.22754629629629627 0.13278463648834019 0.24104938271604937 0.09677640603566529 0.25841049382716047 0.011042524005486967 0.25937499999999997 0.002469135802469127 0.17864583333333334 0.0 0.034375 0.0
0 0.673148148148148 0.004183813443072702 0.6750771604938272 0.057338820301783264 0.6905092592592592 0.07962962962962963 0.7252314814814814 0.08648834019204388 0.7551311728395061 0.08820301783264745 0.7628472222222221 0.08991769547325103 0.7782793209876543 0.04705075445816186 0.7880208333333333 0.0
0 0.17739197530864195 0.5117283950617284 0.16292438271604937 0.5460219478737998 0.15810185185185185 0.619753086419753 0.16003086419753085 0.6283264746227708 0.1677469135802469 0.6677640603566529 0.16195987654320987 0.6883401920438957 0.14749228395061728 0.7140603566529492 0.1204861111111111 0.7483539094650206 0.09830246913580247 0.7569272976680383 0.07322530864197531 0.7449245541838134 0.05200617283950617 0.7655006858710561 0.05297067901234567 0.8203703703703703 0.0558641975308642 0.8306584362139917 0.03657407407407407 0.9095336076817558 0.029822530864197526 0.9198216735253772 0.0008873456790123455 0.9832647462277091 0.0008873456790123455 0.9952674897119341 0.3008487654320987 0.9952674897119341 0.31338734567901233 0.9695473251028807 0.31338734567901233 0.9283950617283949 0.31338734567901233 0.9026748971193416 0.30952932098765434 0.8546639231824417 0.2912037037037037 0.8323731138545953 0.27962962962962956 0.8032235939643346 0.27770061728395057 0.7826474622770919 0.2921682098765432 0.7466392318244169 0.30277777777777776 0.7860768175582991 0.32110339506172836 0.7912208504801097 0.33267746913580243 0.7637860082304526 0.31820987654320987 0.7312071330589849 0.3143518518518518 0.6677640603566529 0.3297839506172839 0.6489026063100137 0.3336419753086419 0.6060356652949245
1 0.5786265432098765 0.4551440329218107 0.5747685185185184 0.4808641975308641 0.5930941358024691 0.49286694101508915 0.5969521604938272 0.46543209876543207
1 0.7618827160493827 0.37798353909465016 0.7628472222222221 0.41056241426611795 0.7782793209876543 0.4122770919067215 0.7773148148148148 0.37798353909465016
1 0.5381172839506173 0.6026063100137173 0.5458333333333333 0.6386145404663923 0.5612654320987654 0.6266117969821673 0.5545138888888889 0.5957475994513032
1 0.6422839506172838 0.4808641975308641 0.6442129629629629 0.5151577503429355 0.659645061728395 0.5151577503429355 0.6615740740740741 0.4860082304526748
1 0.5197916666666667 0.03161865569272976 0.5217206790123456 0.060768175582990386 0.5419753086419753 0.0659122085048011 0.5390817901234567 0.03161865569272976
1 0.5072530864197531 0.5048696844993141 0.5062885802469136 0.5323045267489711 0.5217206790123456 0.5391632373113855 0.5236496913580246 0.5065843621399176
1 0.0558641975308642 0.6248971193415637 0.0558641975308642 0.6574759945130315 0.0741898148148148 0.6609053497942387 0.07708333333333334 0.6231824417009602 0.06454475308641976 0.6111796982167352
0 0.9885416666666665 0.2682441700960219 0.9586419753086418 0.3454046639231824 0.9412808641975308 0.437997256515775 0.9326003086419752 0.4877229080932784 0.9200617283950617 0.5786008230452674 0.9200617283950617 0.6026063100137173 0.9403163580246914 0.6386145404663923 0.9287422839506172 0.6780521262002742 0.9557484567901234 0.6849108367626886 0.9914351851851851 0.6831961591220851 0.9994791666666667 0.6796296296296296 0.9981867283950617 0.26310013717421127
