1 0.5847029320987654 0.2528120713305898 0.5827739197530863 0.2665294924554184 0.5818094135802468 0.27681755829903976 0.5895254629629629 0.28367626886145403 0.597241512345679 0.28539094650205754 0.601099537037037 0.2699588477366255 0.601099537037037 0.2579561042524005
0 0.5711998456790124 0.44828532235939644 0.5287615740740741 0.4465706447187929 0.5162229938271604 0.44828532235939644 0.5094714506172839 0.47057613168724277 0.5007908950617284 0.5151577503429355 0.5056134259259258 0.5597393689986282 0.5200810185185185 0.580315500685871 0.5461226851851851 0.5837448559670781 0.5779513888888889 0.5837448559670781 0.5866319444444444 0.5820301783264745 0.603028549382716 0.5563100137174211 0.6223186728395061 0.5237311385459533 0.6300347222222221 0.5134430727023319 0.6396797839506172 0.4911522633744856 0.6425733024691358 0.47229080932784634 0.6300347222222221 0.4517146776406036 0.6001350308641975 0.4362825788751714 0.593383487654321 0.42942386831275714 0.5798804012345679 0.41570644718792865 0.5702353395061728 0.4174211248285322 0.5634837962962963 0.4311385459533607
0 0.6261766975308641 0.24595336076817556 0.6309992283950617 0.2699588477366255 0.6396797839506172 0.3111111111111111 0.6551118827160494 0.34883401920438956 0.6637924382716048 0.3676954732510288 0.6763310185185184 0.3522633744855967 0.6821180555555555 0.32311385459533604 0.6898341049382715 0.3042524005486968 0.6956211419753087 0.27681755829903976 0.6879050925925925 0.23909465020576132 0.6782600308641975 0.21680384087791496 0.6637924382716048 0.1979423868312757 0.6396797839506172 0.19622770919067214 0.6165316358024691 0.23566529492455415
0 0.2567708333333333 0.029903978052126193 0.2558063271604938 0.04190672153635116 0.2596643518518518 0.08134430727023319 0.26738040123456785 0.10706447187928668 0.28956404320987655 0.1465020576131687 0.30885416666666665 0.14307270233196157 0.32525077160493826 0.11220850480109737 0.34357638888888886 0.12421124828532233 0.3512924382716049 0.10020576131687241 0.3512924382716049 0.060768175582990386 0.3474344135802469 0.005898491083676265 0.2796875 0.0 0.2625 0.0
1 0.2548418209876543 0.6283264746227708 0.2529128086419753 0.6523319615912209 0.2683449074074074 0.6643347050754458 0.2731674382716049 0.6403292181069958 0.26738040123456785 0.6266117969821673
1 0.7698881172839506 0.10534979423868313 0.7660300925925925 0.13278463648834019 0.7833912037037037 0.14135802469135803 0.7872492283950617 0.10877914951989025
1 0.42266589506172836 0.28367626886145403 0.42266589506172836 0.3111111111111111 0.4371334876543209 0.31454046639231825 0.4371334876543209 0.2802469135802469
1 0.8094328703703704 0.40027434842249654 0.8017168209876543 0.42770919067215357 0.8219714506172838 0.44142661179698217 0.8287229938271604 0.4174211248285322
0 0.5432291666666667 0.9935528120713305 0.5191165123456789 0.9729766803840878 0.5036844135802468 0.952400548696845 0.5181520061728394 0.9266803840877914 0.5345486111111111 0.9198216735253772 0.5605902777777777 0.9283950617283949 0.5837384259259258 0.9506858710562414 0.5808449074074074 0.9884087791495197 0.5651041666666666 0.9990740740740741 0.5479166666666667 0.9990740740740741
1 0.33489583333333334 0.5203017832647462 0.33489583333333334 0.5545953360768175 0.3512924382716049 0.5528806584362139 0.3493634259259259 0.516872427983539
1 0.6435378086419753 0.6094650205761316 0.6435378086419753 0.6403292181069958 0.6570408950617284 0.6420438957475995 0.6560763888888889 0.6094650205761316
1 0.10727237654320988 0.36083676268861453 0.10341435185185184 0.3814128943758573 0.11498842592592592 0.3968449931412894 0.12463348765432097 0.37798353909465016 0.11981095679012345 0.36083676268861453
1 0.23362268518518517 0.8803840877914951 0.23169367283950618 0.9043895747599451 0.24230324074074072 0.9146776406035664 0.2509837962962963 0.9112482853223592 0.25001929012345675 0.8906721536351165
1 0.7795331790123456 0.9695473251028807 0.7804976851851851 0.9969821673525376 0.7949652777777777 0.9969821673525376 0.7920717592592592 0.9729766803840878
