1 0.4715663580246913 0.5100137174211248 0.4706018518518518 0.5391632373113855 0.4860339506172839 0.5391632373113855 0.48699845679012344 0.5100137174211248
9 0.571875 0.489437585733882 0.5940586419753087 0.42942386831275714 0.6017746913580246 0.4019890260631001 0.6037037037037037 0.36426611796982167 0.6229938271604938 0.33511659807956107 0.6287808641975308 0.29224965706447187 0.6258873456790124 0.25109739368998624 0.6162422839506173 0.1722222222222222 0.6133487654320987 0.23223593964334702 0.6114197530864197 0.2682441700960219 0.6104552469135801 0.30596707818930036 0.5969521604938272 0.3454046639231824 0.5882716049382715 0.37798353909465016 0.5853780864197531 0.4191358024691358 0.5670524691358024 0.4517146776406036 0.5574074074074074 0.477434842249657 0.5631944444444444 0.501440329218107
1 0.5130401234567901 0.6780521262002742 0.5101466049382716 0.7072016460905349 0.5294367283950617 0.7089163237311384 0.5323302469135801 0.6814814814814815
1 0.735841049382716 0.7054869684499313 0.735841049382716 0.734636488340192 0.7541666666666667 0.734636488340192 0.7541666666666667 0.7037722908093278
1 0.6721836419753087 0.47229080932784634 0.6789351851851851 0.5031550068587105 0.6943672839506172 0.4962962962962963 0.6876157407407407 0.4637174211248285
1 0.16292438271604937 0.38655692729766805 0.16292438271604937 0.41056241426611795 0.17642746913580246 0.4174211248285322 0.1802854938271605 0.39341563786008227
1 0.3751157407407407 0.3128257887517147 0.3741512345679012 0.3419753086419753 0.38668981481481474 0.3419753086419753 0.38958333333333334 0.3111111111111111
1 0.6422839506172838 0.6506172839506172 0.6393904320987654 0.679766803840878 0.6567515432098765 0.6831961591220851 0.659645061728395 0.6471879286694101 0.6509645061728394 0.6420438957475995
1 0.5487268518518518 0.7020576131687243 0.5477623456790124 0.7294924554183814 0.5651234567901234 0.7363511659807956 0.5689814814814814 0.69519890260631
1 0.6586805555555555 0.10877914951989025 0.6586805555555555 0.13449931412894373 0.673148148148148 0.13449931412894373 0.673148148148148 0.10534979423868313
1 0.10601851851851851 0.32825788751714674 0.10601851851851851 0.3522633744855967 0.1195216049382716 0.35912208504801096 0.12434413580246913 0.3316872427983539 0.11566358024691356 0.3196844993141289
1 0.22561728395061728 0.3522633744855967 0.22754629629629627 0.37283950617283945 0.24104938271604937 0.3762688614540466 0.24201388888888886 0.3539780521262002
