0 0.00028935185185185173 0.2545267489711934 0.0234375 0.21680384087791496 0.0398341049382716 0.23566529492455415 0.06201774691358024 0.3042524005486968 0.06587577160493827 0.34883401920438956 0.07744984567901234 0.3796982167352537 0.10638503086419752 0.3968449931412894 0.14592978395061726 0.45 0.16907793209876543 0.46028806584362136 0.20958719135802467 0.47057613168724277 0.24141589506172836 0.5185871056241426 0.2828896604938272 0.5580246913580247 0.3070023148148148 0.6008916323731138 0.3291859567901234 0.6317558299039779 0.33979552469135804 0.6540466392318244 0.3571566358024691 0.7192043895747599 0.35329861111111105 0.7466392318244169 0.34751157407407407 0.7740740740740739 0.3706597222222222 0.8066529492455418 0.3716242283950617 0.8340877914951988 0.3552276234567901 0.8580932784636488 0.34172453703703703 0.8700960219478737 0.3388310185185185 0.8855281207133059 0.32532793209876537 0.9506858710562414 0.3320794753086419 0.9952674897119341 0.01282793209876543 0.9918381344307271 0.00028935185185185173 0.9678326474622769 0.0 0.8962962962962963
1 0.5539158950617283 0.2699588477366255 0.5548804012345678 0.29739368998628257 0.5703125 0.295679012345679 0.5674189814814814 0.2699588477366255
1 0.5780285493827161 0.1465020576131687 0.5809220679012345 0.17050754458161863 0.5944251543209876 0.16879286694101506 0.5924961419753086 0.1379286694101509
1 0.6310763888888888 0.8718106995884773 0.6310763888888888 0.8992455418381344 0.6455439814814814 0.8992455418381344 0.6455439814814814 0.873525377229081
1 0.49701003086419754 0.9421124828532237 0.49604552469135804 0.9661179698216735 0.509548611111111 0.9746913580246912 0.5105131172839505 0.9489711934156378
1 0.5182291666666666 0.42256515775034287 0.5182291666666666 0.44828532235939644 0.5317322530864197 0.4585733882030178 0.5384837962962963 0.4311385459533607
1 0.7342785493827161 0.27681755829903976 0.7352430555555555 0.3076817558299039 0.7497106481481481 0.30596707818930036 0.7497106481481481 0.2751028806584362
1 0.6272183641975307 0.4637174211248285 0.6272183641975307 0.4962962962962963 0.6436149691358024 0.49286694101508915 0.6436149691358024 0.4637174211248285
0 0.8905285493827161 0.564883401920439 0.884741512345679 0.5888888888888889 0.8731674382716048 0.6180384087791495 0.8731674382716048 0.6420438957475995 0.8943865740740741 0.6643347050754458 0.9165702160493827 0.7003429355281207 0.9204282407407407 0.7363511659807956 0.9599729938271604 0.7432098765432098 0.9619020061728395 0.7003429355281207 0.982156635802469 0.7174897119341563 0.9937307098765431 0.7020576131687243 0.9994791666666667 0.6296296296296297 0.9966242283950617 0.5888888888888889 0.9754050925925924 0.6060356652949245 0.9686535493827161 0.6146090534979424 0.9590084876543209 0.5665980795610425 0.9686535493827161 0.5357338820301782 0.9570794753086419 0.5048696844993141 0.9368248456790124 0.489437585733882 0.9233217592592592 0.5048696844993141 0.9117476851851851 0.5357338820301782 0.9078896604938271 0.5580246913580247
1 0.3561921296296296 0.4962962962962963 0.3542631172839506 0.5254458161865568 0.36776620370370366 0.5237311385459533 0.3696952160493827 0.49801097393689986
0 0.6725501543209876 0.9918381344307271 0.6619405864197531 0.9746913580246912 0.6600115740740741 0.9421124828532237 0.650366512345679 0.9181069958847735 0.6339699074074073 0.9335390946502057 0.6175733024691358 0.9609739368998628 0.5944251543209876 0.9609739368998628 0.5953125 0.9990740740740741 0.6723958333333333 0.9990740740740741
1 0.7140239197530864 0.9695473251028807 0.7149884259259258 0.9969821673525376 0.7275270061728395 0.9969821673525376 0.728491512345679 0.9712620027434841
