1 0.4044174382716049 0.2579561042524005 0.4073109567901234 0.29396433470507544 0.42081404320987653 0.28710562414266116 0.41984953703703703 0.25624142661179694
1 0.3465470679012345 0.3179698216735254 0.34944058641975306 0.347119341563786 0.36776620370370366 0.3402606310013717 0.3629436728395062 0.30596707818930036
1 0.9184992283950617 0.43456790123456784 0.9184992283950617 0.46543209876543207 0.9416473765432098 0.47057613168724277 0.9416473765432098 0.42942386831275714
1 0.415991512345679 0.13449931412894373 0.41792052469135804 0.16707818930041152 0.4362461419753086 0.16879286694101506 0.4333526234567901 0.13106995884773662
1 0.45842978395061723 0.050480109739368985 0.45939429012345673 0.08305898491083676 0.4796489197530864 0.08305898491083676 0.4777199074074074 0.045336076817558295
1 0.267457561728395 0.4191358024691358 0.26359953703703703 0.4585733882030178 0.2857831790123457 0.46543209876543207 0.2867476851851852 0.4191358024691358
1 0.6879822530864197 0.8495198902606309 0.6870177469135802 0.8752400548696845 0.7043788580246914 0.8786694101508916 0.7034143518518517 0.8409465020576131
1 0.8095100308641975 0.4362825788751714 0.808545524691358 0.46543209876543207 0.8268711419753085 0.47229080932784634 0.8249421296296295 0.4362825788751714
0 0.49604552469135804 0.3676954732510288 0.5211226851851852 0.42085048010973936 0.5635609567901234 0.46200274348422493 0.6137152777777778 0.47057613168724277 0.6619405864197531 0.47057613168724277 0.6947337962962963 0.4637174211248285 0.7072723765432098 0.4191358024691358 0.7275270061728395 0.38998628257887513 0.7506751543209876 0.3556927297668038 0.7690007716049382 0.3162551440329218 0.7545331790123456 0.26310013717421127 0.7217399691358024 0.20137174211248285 0.7159529320987654 0.18422496570644717 0.7381365740740741 0.1362139917695473 0.7236689814814814 0.09677640603566529 0.6947337962962963 0.08820301783264745 0.6686921296296297 0.05390946502057613 0.6619405864197531 0.08991769547325103 0.6638695987654321 0.13278463648834019 0.6233603395061728 0.10534979423868313 0.6185378086419753 0.101920438957476 0.5597029320987654 0.15336076817558297 0.5452353395061728 0.1773662551440329 0.509548611111111 0.16707818930041152 0.49315200617283944 0.20137174211248285 0.4950810185185185 0.2751028806584362 0.4825424382716049 0.3042524005486968 0.47193287037037035 0.3196844993141289 0.4478202160493827 0.3522633744855967 0.44396219135802467 0.40027434842249654 0.45553626543209874 0.4071330589849108 0.47386188271604934 0.4037037037037037 0.4854359567901234 0.39341563786008227
0 0.8191550925925924 0.7140603566529492 0.8046875 0.7757887517146776 0.8210841049382716 0.837517146776406 0.8374807098765431 0.8580932784636488 0.8490547839506172 0.8752400548696845 0.8596643518518517 0.8786694101508916 0.8789544753086419 0.8546639231824417 0.8857060185185185 0.8100823045267489 0.8799189814814814 0.7689300411522633 0.8722029320987654 0.7380658436213992 0.8461612654320987 0.7072016460905349 0.82397762345679 0.6831961591220851
1 0.43045910493827155 0.6283264746227708 0.42949459876543206 0.6557613168724279 0.4487847222222222 0.6626200274348422 0.4487847222222222 0.6266117969821673
