1 0.576099537037037 0.813511659807956 0.576099537037037 0.8392318244170096 0.5886381172839507 0.8478052126200274 0.5924961419753086 0.8152263374485595
0 0.7632137345679012 0.9969821673525376 0.7738233024691358 0.9626886145404664 0.7757523148148148 0.9163923182441701 0.7709297839506172 0.8872427983539094 0.7882908950617283 0.8838134430727023 0.8046875 0.8546639231824417 0.8297646604938271 0.8049382716049382 0.8509837962962962 0.8083676268861453 0.8683449074074073 0.8460905349794238 0.8702739197530864 0.873525377229081 0.8934220679012345 0.900960219478738 0.9098186728395061 0.9146776406035664 0.9262152777777778 0.9215363511659806 0.9435763888888888 0.9558299039780521 0.9435763888888888 0.9832647462277091 0.966724537037037 0.9644032921810698 0.9744405864197531 0.9386831275720163 0.9811921296296295 0.9215363511659806 0.9994791666666667 0.9157407407407407 0.9994791666666667 0.9990740740740741
0 0.2925347222222222 0.16707818930041152 0.267457561728395 0.16879286694101506 0.25588348765432095 0.1979423868312757 0.23177083333333331 0.22537722908093277 0.24623842592592593 0.2699588477366255 0.27228009259259256 0.3076817558299039 0.2934992283950617 0.31454046639231825 0.31761188271604934 0.3093964334705075 0.36776620370370366 0.28367626886145403 0.3995949074074074 0.295679012345679 0.423707561728395 0.32311385459533604 0.4391396604938271 0.347119341563786 0.4757908950617284 0.36941015089163237 0.49701003086419754 0.374554183813443 0.49315200617283944 0.3522633744855967 0.47386188271604934 0.33340192043895744 0.47386188271604934 0.29396433470507544 0.45553626543209874 0.2528120713305898 0.4333526234567901 0.25624142661179694 0.423707561728395 0.2682441700960219 0.423707561728395 0.24080932784636488 0.42853009259259256 0.20994513031550066 0.41213348765432095 0.18079561042524003 0.4053819444444444 0.14478737997256513 0.38994984567901236 0.12249657064471878 0.37837577160493824 0.1619341563786008 0.3571566358024691 0.14993141289437587 0.3369020061728395 0.14478737997256513 0.3185763888888889 0.14135802469135803
1 0.17390046296296294 0.42085048010973936 0.17100694444444445 0.44828532235939644 0.18836805555555552 0.4551440329218107 0.19029706790123455 0.42256515775034287
1 0.5384837962962963 0.4757201646090534 0.5375192901234568 0.4997256515775034 0.5510223765432098 0.5031550068587105 0.5539158950617283 0.4757201646090534
1 0.7882908950617283 0.7637860082304526 0.7902199074074073 0.7929355281207132 0.8046875 0.7895061728395062 0.8017939814814814 0.7586419753086419
1 0.8143325617283951 0.15850480109739368 0.8095100308641975 0.18936899862825785 0.8278356481481481 0.1979423868312757 0.8307291666666666 0.16707818930041152
1 0.7120949074074073 0.5837448559670781 0.7120949074074073 0.6094650205761316 0.7294560185185185 0.6128943758573387 0.7275270061728395 0.5837448559670781
1 0.47289737654320985 0.6746227709190671 0.4748263888888889 0.7003429355281207 0.4883294753086419 0.7003429355281207 0.4883294753086419 0.67119341563786
1 0.41213348765432095 0.0710562414266118 0.4082754629629629 0.09849108367626884 0.42563657407407407 0.10706447187928668 0.42949459876543206 0.07620027434842248
0 0.6021412037037037 0.03676268861454046 0.5934606481481481 0.07277091906721535 0.5886381172839507 0.09334705075445816 0.572241512345679 0.10877914951989025 0.5703125 0.14993141289437587 0.572241512345679 0.15850480109739368 0.572241512345679 0.18936899862825785 0.5857445987654321 0.21680384087791496 0.5944251543209876 0.23909465020576132 0.6108217592592592 0.23395061728395058 0.6272183641975307 0.22023319615912207 0.644579475308642 0.21680384087791496 0.6638695987654321 0.19279835390946504 0.6841242283950617 0.16364883401920438 0.7072723765432098 0.13964334705075446 0.7419945987654321 0.14478737997256513 0.7487461419753086 0.16364883401920438 0.7612847222222221 0.23566529492455415 0.7767168209876544 0.2493827160493827 0.7989004629629629 0.2493827160493827 0.802758487654321 0.20651577503429353 0.7969714506172838 0.1619341563786008 0.7998649691358024 0.13278463648834019 0.7989004629629629 0.12249657064471878 0.7767168209876544 0.09334705075445816 0.7709297839506172 0.07620027434842248 0.7535686728395061 0.07791495198902607 0.7371720679012345 0.03676268861454046 0.7342785493827161 0.023045267489711932 0.7203125 0.0 0.5864583333333333 0.0 0.5934606481481481 0.019615912208504793
1 0.642650462962963 0.29910836762688614 0.6368634259259258 0.3179698216735254 0.6494020061728395 0.33340192043895744 0.6580825617283951 0.32139917695473247 0.6590470679012345 0.3008230452674897
1 0.5346257716049383 0.6934842249657064 0.5384837962962963 0.7174897119341563 0.5519868827160493 0.7054869684499313 0.5481288580246914 0.6883401920438957
