1 0.6268518518518518 0.5580246913580247 0.6268518518518518 0.5837448559670781 0.646141975308642 0.5888888888888889 0.646141975308642 0.5614540466392318
3 0.5709104938271604 0.14307270233196157 0.5651234567901234 0.1722222222222222 0.581520061728395 0.1825102880658436 0.5863425925925925 0.14993141289437587
1 0.5390817901234567 0.42427983539094644 0.5400462962962963 0.4568587105624142 0.5603009259259258 0.45342935528120715 0.5603009259259258 0.42427983539094644
1 0.4127314814814814 0.5237311385459533 0.4136959876543209 0.5494513031550069 0.4310570987654321 0.5494513031550069 0.42912808641975303 0.5203017832647462
1 0.6818287037037037 0.9232510288065844 0.6827932098765431 0.9575445816186556 0.7020833333333333 0.9592592592592593 0.7020833333333333 0.9249657064471878
1 0.25069444444444444 0.3076817558299039 0.25069444444444444 0.33511659807956107 0.26709104938271605 0.33511659807956107 0.26709104938271605 0.30596707818930036
2 0.39633487654320987 0.10877914951989025 0.39922839506172836 0.14821673525377227 0.419483024691358 0.15336076817558297 0.41080246913580243 0.09334705075445816
1 0.2333333333333333 0.6814814814814815 0.23429783950617283 0.7054869684499313 0.255516975308642 0.7054869684499313 0.25455246913580243 0.6780521262002742
1 0.6818287037037037 0.32311385459533604 0.6818287037037037 0.3522633744855967 0.6953317901234567 0.3539780521262002 0.6972608024691358 0.3179698216735254
1 0.30567129629629625 0.05390946502057613 0.30567129629629625 0.08134430727023319 0.3239969135802469 0.08134430727023319 0.3239969135802469 0.050480109739368985
1 0.7126929012345679 0.6351851851851852 0.7126929012345679 0.6694787379972564 0.726195987654321 0.6694787379972564 0.728125 0.6351851851851852
0 0.007638888888888888 0.48429355281207126 0.01728395061728395 0.477434842249657 0.038503086419753085 0.4997256515775034 0.04332561728395061 0.5100137174211248 0.04332561728395061 0.5305898491083676 0.04718364197530864 0.5580246913580247 0.07129629629629629 0.564883401920439 0.0741898148148148 0.5837448559670781 0.07322530864197531 0.6111796982167352 0.058757716049382715 0.6266117969821673 0.05779320987654321 0.6523319615912209 0.04718364197530864 0.6694787379972564 0.03657407407407407 0.6523319615912209 0.023070987654320984 0.6866255144032921 0.007638888888888888 0.69519890260631 0.0 0.6555555555555556 0.0 0.5185185185185185
