0 0.4024112654320987 0.5751714677640603 0.3840856481481481 0.564883401920439 0.3619020061728395 0.5563100137174211 0.34164737654320987 0.5614540466392318 0.33489583333333334 0.568312757201646 0.3242862654320987 0.5871742112482853 0.32621527777777776 0.619753086419753 0.3474344135802469 0.6643347050754458 0.35515046296296293 0.6746227709190671 0.3532214506172839 0.7363511659807956 0.37347608024691353 0.7706447187928669 0.3937307098765432 0.7929355281207132 0.41012731481481474 0.7963648834019204 0.4313464506172839 0.8100823045267489 0.442920524691358 0.7775034293552812 0.44581404320987655 0.7517832647462277 0.4255594135802469 0.7020576131687243 0.4245949074074074 0.6420438957475995 0.4361689814814814 0.619753086419753 0.4313464506172839 0.5991769547325103 0.40530478395061725 0.6111796982167352
0 0.7226273148148148 0.45342935528120715 0.6994791666666667 0.48429355281207126 0.6927276234567901 0.5271604938271605 0.7014081790123456 0.5597393689986282 0.7071952160493827 0.5665980795610425 0.6888695987654321 0.6008916323731138 0.6801890432098765 0.6574759945130315 0.6782600308641975 0.6849108367626886 0.675366512345679 0.7277777777777777 0.6917631172839506 0.7569272976680383 0.7023726851851851 0.7552126200274348 0.7081597222222221 0.7123456790123456 0.7187692901234567 0.7432098765432098 0.7361304012345679 0.762071330589849 0.7525270061728394 0.7329218106995885 0.7399884259259258 0.6831961591220851 0.757349537037037 0.6489026063100137 0.7602430555555555 0.679766803840878 0.7843557098765431 0.6866255144032921 0.8094328703703704 0.6626200274348422 0.7930362654320987 0.6317558299039779 0.7911072530864197 0.6248971193415637 0.8152199074074074 0.6146090534979424 0.8161844135802468 0.5734567901234567 0.8412615740740741 0.592318244170096 0.8451195987654321 0.6180384087791495 0.8663387345679011 0.619753086419753 0.9029899691358024 0.6317558299039779 0.9193865740740741 0.6351851851851852 0.9502507716049382 0.6300411522633744 0.9608603395061728 0.6077503429355281 0.9579668209876542 0.580315500685871 0.9512152777777777 0.5477366255144033 0.9531442901234567 0.5254458161865568 0.9541087962962962 0.47400548696844985 0.9512152777777777 0.4637174211248285 0.9203510802469135 0.4465706447187929 0.9049189814814814 0.477434842249657 0.8865933641975308 0.47400548696844985 0.8624807098765431 0.47057613168724277 0.8721257716049382 0.4362825788751714 0.8566936728395061 0.4139917695473251 0.8364390432098765 0.3814128943758573 0.8248649691358024 0.3762688614540466 0.7940007716049382 0.3796982167352537 0.7882137345679011 0.4139917695473251 0.7679591049382715 0.42427983539094644 0.755420524691358 0.42085048010973936 0.7438464506172838 0.42256515775034287
1 0.6300347222222221 0.5991769547325103 0.6300347222222221 0.6248971193415637 0.6445023148148148 0.6266117969821673 0.6445023148148148 0.5991769547325103
1 0.3377893518518518 0.489437585733882 0.33393132716049384 0.5185871056241426 0.35515046296296293 0.5254458161865568 0.35611496913580243 0.4997256515775034
0 0.23169367283950618 0.5563100137174211 0.23265817901234567 0.5940329218106996 0.22494212962962962 0.6163237311385459 0.20082947530864195 0.6334705075445817 0.18443287037037034 0.6214677640603565 0.18250385802469135 0.5871742112482853 0.19021990740740738 0.5477366255144033 0.20275848765432097 0.5271604938271605 0.21529706790123454 0.5220164609053497
1 0.6445023148148148 0.24252400548696845 0.6464313271604938 0.27167352537722905 0.6618634259259258 0.28196159122085046 0.6599344135802468 0.24766803840877913
1 0.6309992283950617 0.3556927297668038 0.6261766975308641 0.3711248285322359 0.6396797839506172 0.38998628257887513 0.6464313271604938 0.36598079561042524
1 0.3242862654320987 0.3402606310013717 0.3223572530864197 0.36598079561042524 0.3377893518518518 0.374554183813443 0.34068287037037037 0.347119341563786
0 0.1294560185185185 0.004183813443072702 0.13813657407407406 0.03676268861454046 0.1429591049382716 0.062482853223593954 0.15356867283950618 0.08477366255144032 0.16996527777777776 0.08820301783264745 0.18732638888888886 0.06762688614540467 0.20179398148148145 0.05219478737997256 0.22976466049382713 0.050480109739368985 0.24519675925925927 0.03161865569272976 0.24166666666666667 0.0 0.13229166666666667 0.0 0.13229166666666667 0.0
1 0.7785686728395061 0.30596707818930036 0.7776041666666667 0.3299725651577503 0.7891782407407407 0.3316872427983539 0.7949652777777777 0.32139917695473247 0.7920717592592592 0.3008230452674897
