0 0.2468364197530864 0.592318244170096 0.24780092592592592 0.5580246913580247 0.261304012345679 0.528875171467764 0.27866512345679006 0.5271604938271605 0.2902391975308642 0.5100137174211248 0.263233024691358 0.4465706447187929 0.23912037037037034 0.42256515775034287 0.20536265432098763 0.374554183813443 0.17160493827160492 0.32825788751714674 0.1330246913580247 0.3248285322359396 0.08962191358024692 0.3402606310013717 0.06743827160493826 0.34883401920438956 0.04332561728395061 0.33511659807956107 0.01439043209876543 0.28882030178326473 0.006674382716049382 0.24595336076817556 0.0 0.23055555555555557 0.0008873456790123455 0.5220164609053497 0.0018518518518518517 0.5580246913580247 0.0018518518518518517 0.5991769547325103 0.011496913580246912 0.6180384087791495 0.027893518518518515 0.6506172839506172 0.03753858024691358 0.6643347050754458 0.05200617283950617 0.679766803840878 0.07129629629629629 0.6900548696844993 0.09058641975308641 0.7054869684499313 0.11662808641975309 0.7192043895747599 0.14363425925925927 0.7534979423868312 0.15810185185185185 0.7877914951989026 0.18896604938271602 0.8358024691358025 0.2159722222222222 0.8032235939643346 0.24008487654320987 0.7706447187928669 0.261304012345679 0.7449245541838134 0.27962962962962956 0.7775034293552812 0.2921682098765432 0.7466392318244169 0.28541666666666665 0.7174897119341563 0.30374228395061725 0.6917695473251029 0.30374228395061725 0.6677640603566529 0.2873456790123457 0.6609053497942387 0.28348765432098766 0.6283264746227708 0.27094907407407404 0.6180384087791495 0.25841049382716047 0.6180384087791495
1 0.6345679012345679 0.48429355281207126 0.6345679012345679 0.5117283950617284 0.6509645061728394 0.516872427983539 0.6471064814814814 0.4860082304526748
1 0.7811728395061728 0.4962962962962963 0.7811728395061728 0.5254458161865568 0.7985339506172838 0.5271604938271605 0.7966049382716048 0.49286694101508915
1 0.655787037037037 0.22709190672153634 0.655787037037037 0.2596707818930041 0.673148148148148 0.26138545953360764 0.6721836419753087 0.22709190672153634
1 0.4484182098765432 0.44828532235939644 0.4484182098765432 0.4757201646090534 0.4677083333333333 0.4757201646090534 0.4667438271604938 0.4448559670781893
1 0.5159336419753086 0.5151577503429355 0.5140046296296296 0.540877914951989 0.5352237654320987 0.540877914951989 0.5352237654320987 0.5065843621399176
1 0.7879243827160494 0.29396433470507544 0.7879243827160494 0.32139917695473247 0.8033564814814814 0.32139917695473247 0.804320987654321 0.29224965706447187
3 0.39054783950617283 0.6523319615912209 0.38379629629629625 0.7003429355281207 0.40887345679012344 0.7140603566529492 0.41466049382716047 0.6471879286694101 0.39633487654320987 0.6334705075445817
1 0.24394290123456788 0.08648834019204388 0.24394290123456788 0.12935528120713305 0.25937499999999997 0.1259259259259259 0.26033950617283946 0.08991769547325103
1 0.7146219135802468 0.18422496570644717 0.7165509259259258 0.20994513031550066 0.7329475308641975 0.20651577503429353 0.7310185185185184 0.18079561042524003
