1 0.36680169753086417 0.5185871056241426 0.36776620370370366 0.5477366255144033 0.3880208333333333 0.5494513031550069 0.38609182098765427 0.5185871056241426
1 0.5384837962962963 0.4637174211248285 0.5365547839506173 0.4962962962962963 0.5510223765432098 0.4997256515775034 0.5519868827160493 0.4688614540466392
1 0.3986304012345679 0.6609053497942387 0.3976658950617284 0.6883401920438957 0.4102044753086419 0.6866255144032921 0.41116898148148145 0.6626200274348422
1 0.6146797839506173 0.4311385459533607 0.6146797839506173 0.4551440329218107 0.6310763888888888 0.45342935528120715 0.6272183641975307 0.4191358024691358 0.6166087962962963 0.4139917695473251
3 0.17679398148148145 0.3248285322359396 0.19126157407407404 0.3505486968449931 0.19994212962962962 0.3265432098765432 0.1845100308641975 0.29910836762688614
1 0.4082754629629629 0.7637860082304526 0.4092399691358024 0.7912208504801097 0.4227430555555555 0.7929355281207132 0.42177854938271603 0.7689300411522633
5 0.3639081790123457 0.7637860082304526 0.36776620370370366 0.7895061728395062 0.3889853395061728 0.798079561042524 0.39091435185185186 0.7740740740740739 0.37934027777777773 0.7689300411522633 0.37644675925925924 0.7466392318244169
1 0.6474729938271604 0.46714677640603564 0.6484375 0.489437585733882 0.6600115740740741 0.4877229080932784 0.6600115740740741 0.46028806584362136
0 0.12278163580246913 0.5528806584362139 0.09866898148148147 0.5151577503429355 0.07744984567901234 0.5271604938271605 0.06394675925925926 0.5614540466392318 0.06587577160493827 0.5854595336076818 0.09288194444444443 0.6471879286694101 0.12953317901234568 0.6660493827160493 0.1362847222222222 0.6694787379972564 0.16811342592592593 0.6506172839506172 0.18354552469135801 0.643758573388203 0.20476466049382713 0.5888888888888889 0.20862268518518517 0.5717421124828531 0.21344521604938269 0.540877914951989 0.20958719135802467 0.5100137174211248 0.20765817901234568 0.501440329218107 0.18258101851851852 0.47057613168724277 0.15461033950617284 0.4568587105624142 0.14207175925925924 0.4517146776406036 0.12663966049382716 0.4825788751714677
0 0.5433063271604938 0.6506172839506172 0.5375192901234568 0.67119341563786 0.5230516975308642 0.6934842249657064 0.5124421296296295 0.7106310013717421 0.5182291666666666 0.7723593964334704 0.5519868827160493 0.8015089163237311 0.5654899691358024 0.8015089163237311 0.6098572530864197 0.8066529492455418 0.6050347222222221 0.7586419753086419 0.6156442901234568 0.7312071330589849 0.6204668209876544 0.7072016460905349 0.6223958333333334 0.6386145404663923 0.6156442901234568 0.6231824417009602 0.6059992283950617 0.6094650205761316 0.5847800925925924 0.5888888888888889 0.5558449074074073 0.6026063100137173
1 0.30217978395061723 0.6300411522633744 0.29832175925925924 0.6557613168724279 0.31568287037037035 0.6643347050754458 0.31568287037037035 0.6351851851851852
1 0.6484375 0.7294924554183814 0.646508487654321 0.7483539094650206 0.6580825617283951 0.7534979423868312 0.6619405864197531 0.7277777777777777
1 0.7979359567901234 0.3128257887517147 0.7940779320987654 0.33340192043895744 0.8143325617283951 0.3505486968449931 0.8162615740740741 0.3179698216735254
0 0.1324266975308642 0.01275720164609053 0.1324266975308642 0.03676268861454046 0.1189236111111111 0.09506172839506172 0.11313657407407406 0.11220850480109737 0.11506558641975309 0.12935528120713305 0.12856867283950618 0.18422496570644717 0.13917824074074076 0.21337448559670777 0.14496527777777776 0.22880658436213988 0.1661844135802469 0.24766803840877913 0.1845100308641975 0.2493827160493827 0.1980131172839506 0.2493827160493827 0.22501929012345678 0.22709190672153634 0.2308063271604938 0.20994513031550066 0.24141589506172836 0.16536351165980795 0.25106095679012347 0.14135802469135803 0.25781249999999994 0.14135802469135803 0.25781249999999994 0.16707818930041152 0.26552854938271603 0.1739368998628258 0.27420910493827155 0.1773662551440329 0.2944637345679012 0.16021947873799722 0.30025077160493824 0.12935528120713305 0.29735725308641975 0.0916323731138546 0.2934992283950617 0.07620027434842248 0.27420910493827155 0.08134430727023319 0.267457561728395 0.07448559670781892 0.2848186728395062 0.0401920438957476 0.2857831790123457 0.019615912208504793 0.27760416666666665 0.0 0.128125 0.0
5 0.1372492283950617 0.7946502057613168 0.16136188271604937 0.8169410150891632 0.1671489197530864 0.7963648834019204 0.13821373456790123 0.7706447187928669
