1 0.24623842592592593 0.7140603566529492 0.24623842592592593 0.7397805212620027 0.259741512345679 0.7397805212620027 0.2607060185185185 0.7106310013717421
3 0.6011766975308641 0.7603566529492455 0.6011766975308641 0.7843621399176954 0.6195023148148148 0.7929355281207132 0.6185378086419753 0.7586419753086419
1 0.4864004629629629 0.477434842249657 0.4864004629629629 0.5048696844993141 0.5037615740740741 0.5048696844993141 0.5018325617283951 0.4808641975308641
1 0.1931905864197531 0.7689300411522633 0.1931905864197531 0.798079561042524 0.20958719135802467 0.798079561042524 0.20958719135802467 0.7706447187928669
3 0.6600115740740741 0.4911522633744856 0.652295524691358 0.5134430727023319 0.66772762345679 0.5305898491083676 0.6754436728395061 0.4860082304526748
1 0.802758487654321 0.19622770919067214 0.8017939814814814 0.22023319615912207 0.8143325617283951 0.22880658436213988 0.8191550925925924 0.19622770919067214
1 0.7545331790123456 0.17565157750342936 0.7506751543209876 0.20137174211248285 0.7632137345679012 0.20994513031550066 0.7738233024691358 0.1825102880658436
0 0.5818865740740741 0.016186556927297667 0.5625964506172839 0.09506172839506172 0.5568094135802468 0.12249657064471878 0.5211226851851852 0.1362139917695473 0.509548611111111 0.14135802469135803 0.5124421296296295 0.16707818930041152 0.5143711419753086 0.1979423868312757 0.5163001543209876 0.22023319615912207 0.5163001543209876 0.24423868312757202 0.49893904320987653 0.2493827160493827 0.46903935185185186 0.23909465020576132 0.45360725308641975 0.3008230452674897 0.4478202160493827 0.32139917695473247 0.4410686728395062 0.3711248285322359 0.4333526234567901 0.34368998628257885 0.40345293209876537 0.3831275720164609 0.38126929012345673 0.41570644718792865 0.36680169753086417 0.41570644718792865 0.3079668209876543 0.3676954732510288 0.3291859567901234 0.3248285322359396 0.31278935185185186 0.32139917695473247 0.2915702160493827 0.2733882030178326 0.3050733024691358 0.23395061728395058 0.29735725308641975 0.19279835390946504 0.30121527777777773 0.16879286694101506 0.32532793209876537 0.14821673525377227 0.34365354938271603 0.13278463648834019 0.3465470679012345 0.08477366255144032 0.34076003086419754 0.045336076817558295 0.3619791666666667 0.01275720164609053 0.3725887345679012 0.002469135802469127 0.3870563271604938 0.016186556927297667 0.42081404320987653 0.0007544581618655644 0.574170524691358 0.0007544581618655644
1 0.2925347222222222 0.5048696844993141 0.2915702160493827 0.5340192043895746 0.3070023148148148 0.5357338820301782 0.3070023148148148 0.5100137174211248
1 0.259741512345679 0.2905349794238683 0.2587770061728395 0.3196844993141289 0.27324459876543206 0.3248285322359396 0.27324459876543206 0.29224965706447187
1 0.6108217592592592 0.3711248285322359 0.6108217592592592 0.3968449931412894 0.6223958333333334 0.39513031550068584 0.6233603395061728 0.3676954732510288
1 0.2163387345679012 0.6403292181069958 0.2163387345679012 0.6643347050754458 0.23369984567901234 0.6626200274348422 0.23273533950617284 0.6368998628257887
1 0.17582947530864196 0.94039780521262 0.17582947530864196 0.9661179698216735 0.19029706790123455 0.9661179698216735 0.18836805555555552 0.9386831275720163
