1 0.27770061728395057 0.3762688614540466 0.27770061728395057 0.40027434842249654 0.2940972222222222 0.41056241426611795 0.2989197530864197 0.3796982167352537
1 0.47349537037037037 0.2082304526748971 0.47445987654320987 0.23737997256515772 0.48796296296296293 0.23223593964334702 0.48796296296296293 0.20480109739368996
1 0.6663966049382715 0.41056241426611795 0.6663966049382715 0.44142661179698217 0.6827932098765431 0.4448559670781893 0.6866512345679011 0.41570644718792865
1 0.8785879629629628 0.12421124828532233 0.8795524691358024 0.15850480109739368 0.8959490740740741 0.16364883401920438 0.8969135802469135 0.12421124828532233
0 0.5062885802469136 0.029903978052126193 0.503395061728395 0.0710562414266118 0.5072530864197531 0.11049382716049382 0.5255787037037037 0.1259259259259259 0.5448688271604938 0.07791495198902607 0.5506558641975308 0.050480109739368985 0.5496913580246914 0.024759945130315493 0.5255787037037037 0.016186556927297667
0 0.32206790123456785 0.01275720164609053 0.3297839506172839 0.03847736625514402 0.32110339506172836 0.07962962962962963 0.3230324074074074 0.09849108367626884 0.3519675925925926 0.09506172839506172 0.3770447530864197 0.07620027434842248 0.38668981481481474 0.06419753086419751 0.42527006172839504 0.06419753086419751 0.45131172839506173 0.050480109739368985 0.46481481481481474 0.01790123456790123 0.4661458333333333 0.0 0.3177083333333333 0.0
0 0.32206790123456785 0.2528120713305898 0.31820987654320987 0.21337448559670777 0.28638117283950615 0.20480109739368996 0.27770061728395057 0.23737997256515772 0.26033950617283946 0.23395061728395058 0.23429783950617283 0.2236625514403292 0.22561728395061728 0.2545267489711934 0.23622685185185185 0.2785322359396433 0.257445987654321 0.29396433470507544 0.263233024691358 0.3162551440329218 0.27673611111111107 0.3299725651577503 0.29506172839506173 0.3522633744855967 0.30952932098765434 0.35740740740740734 0.30856481481481485 0.3196844993141289 0.33171296296296293 0.33511659807956107 0.339429012345679 0.30596707818930036 0.34714506172839504 0.28882030178326473 0.33653549382716047 0.27167352537722905
1 0.2940972222222222 0.6111796982167352 0.2931327160493827 0.6351851851851852 0.30952932098765434 0.6403292181069958 0.3143518518518518 0.6094650205761316
1 0.23815586419753085 0.7020576131687243 0.23622685185185185 0.734636488340192 0.25358796296296293 0.734636488340192 0.25455246913580243 0.6986282578875171
1 0.6307098765432098 0.3625514403292181 0.6326388888888889 0.39341563786008227 0.646141975308642 0.39341563786008227 0.65 0.36083676268861453
1 0.26033950617283946 0.10363511659807956 0.261304012345679 0.13449931412894373 0.28059413580246917 0.14478737997256513 0.28252314814814816 0.10706447187928668
0 0.6374614197530863 0.18936899862825785 0.6287808641975308 0.22023319615912207 0.6297453703703704 0.23737997256515772 0.6393904320987654 0.2751028806584362 0.655787037037037 0.3008230452674897 0.6808641975308641 0.3316872427983539 0.6905092592592592 0.32825788751714674 0.7117283950617284 0.28710562414266116 0.7396990740740741 0.2733882030178326 0.751273148148148 0.23395061728395058 0.7464506172839506 0.20137174211248285 0.7271604938271604 0.18422496570644717 0.7011188271604938 0.17908093278463647 0.7030478395061728 0.15507544581618654 0.6885802469135801 0.12249657064471878 0.6673611111111111 0.11220850480109737 0.646141975308642 0.10877914951989025 0.6374614197530863 0.12421124828532233 0.6413194444444444 0.16364883401920438
