0 0.9962577160493827 0.5357338820301782 0.9798611111111111 0.5151577503429355 0.9538194444444444 0.5425925925925926 0.9489969135802468 0.5511659807956104 0.9306712962962962 0.5580246913580247 0.9200617283950617 0.5511659807956104 0.9219907407407407 0.619753086419753 0.9113811728395061 0.6557613168724279 0.8978780864197531 0.679766803840878 0.892091049382716 0.6866255144032921 0.892091049382716 0.7294924554183814 0.892091049382716 0.7380658436213992 0.8457947530864197 0.7603566529492455 0.8303626543209877 0.7706447187928669 0.8091435185185184 0.7706447187928669 0.7831018518518518 0.7329218106995885 0.7599537037037037 0.722633744855967 0.7541666666666667 0.7655006858710561 0.737770061728395 0.7740740740740739 0.724266975308642 0.7740740740740739 0.7011188271604938 0.7895061728395062 0.6856867283950617 0.8255144032921811 0.6827932098765431 0.8340877914951988 0.6895447530864197 0.8941015089163237 0.730054012345679 0.9198216735253772 0.7609182098765431 0.9198216735253772 0.7956404320987654 0.9198216735253772 0.8236111111111111 0.9644032921810698 0.8380787037037037 0.9695473251028807 0.8473958333333333 0.9990740740740741 0.9989583333333333 0.9990740740740741
1 0.673148148148148 0.437997256515775 0.673148148148148 0.47229080932784634 0.6914737654320987 0.47229080932784634 0.6914737654320987 0.44142661179698217
1 0.573804012345679 0.35912208504801096 0.573804012345679 0.39341563786008227 0.5921296296296297 0.3917009602194787 0.5902006172839507 0.35912208504801096
1 0.421412037037037 0.24252400548696845 0.42430555555555555 0.2699588477366255 0.43491512345679006 0.27167352537722905 0.43491512345679006 0.23909465020576132
1 0.4551697530864197 0.7655006858710561 0.4503472222222222 0.7946502057613168 0.4715663580246913 0.8032235939643346 0.4715663580246913 0.7757887517146776
1 0.27770061728395057 0.5460219478737998 0.27673611111111107 0.580315500685871 0.2940972222222222 0.5820301783264745 0.2960262345679012 0.5477366255144033
1 0.7493441358024691 0.35912208504801096 0.7493441358024691 0.39341563786008227 0.7676697530864197 0.39855967078189297 0.7686342592592592 0.3676954732510288
1 0.14652777777777776 0.05219478737997256 0.14749228395061728 0.08477366255144032 0.16485339506172839 0.08477366255144032 0.1667824074074074 0.05390946502057613
1 0.7734567901234567 0.5906035665294924 0.7734567901234567 0.6214677640603565 0.7869598765432098 0.6214677640603565 0.7908179012345679 0.5871742112482853
2 0.9692515432098765 0.18765432098765428 0.9461033950617284 0.19279835390946504 0.9461033950617284 0.16879286694101506 0.9673225308641975 0.14821673525377227 0.9788966049382715 0.16536351165980795
1 0.17449845679012344 0.7397805212620027 0.17449845679012344 0.7723593964334704 0.19185956790123454 0.7723593964334704 0.19282407407407404 0.7363511659807956
1 0.6133487654320987 0.19451303155006858 0.6104552469135801 0.2236625514403292 0.6258873456790124 0.22709190672153634 0.6345679012345679 0.18765432098765428
0 0.7184799382716048 0.005898491083676265 0.7146219135802468 0.04705075445816186 0.7233024691358024 0.08305898491083676 0.7435570987654321 0.101920438957476 0.7532021604938272 0.062482853223593954 0.7724922839506172 0.07620027434842248 0.7782793209876543 0.023045267489711932 0.7666666666666667 0.0
