1 0.5352237654320987 0.5563100137174211 0.5313657407407407 0.5854595336076818 0.5496913580246914 0.5854595336076818 0.5496913580246914 0.5597393689986282
1 0.7020833333333333 0.6368998628257887 0.7165509259259258 0.6231824417009602 0.7184799382716048 0.6609053497942387 0.7059413580246914 0.6643347050754458
1 0.31242283950617283 0.17908093278463647 0.3153163580246913 0.21165980795610423 0.3336419753086419 0.2082304526748971 0.3268904320987654 0.17050754458161863
0 0.8747299382716048 0.9832647462277091 0.8756944444444444 0.9626886145404664 0.8699074074074074 0.952400548696845 0.8602623456790124 0.94039780521262 0.8718364197530863 0.9163923182441701 0.8747299382716048 0.900960219478738 0.8747299382716048 0.876954732510288 0.8612268518518518 0.8615226337448558 0.8583333333333333 0.8495198902606309 0.8564043209876542 0.8169410150891632 0.8564043209876542 0.8032235939643346 0.8592978395061728 0.7672153635116598 0.8631558641975308 0.7534979423868312 0.8699074074074074 0.7260631001371741 0.8834104938271604 0.7054869684499313 0.9036651234567901 0.7020576131687243 0.9084876543209875 0.7414951989026063 0.9142746913580246 0.7603566529492455 0.9364583333333332 0.7655006858710561 0.9470679012345679 0.7775034293552812 0.9441743827160494 0.7929355281207132 0.9557484567901234 0.813511659807956 0.9760030864197531 0.8272290809327846 0.9817901234567901 0.852949245541838 0.9827546296296296 0.8615226337448558 0.968287037037037 0.8855281207133059 0.9615354938271604 0.89238683127572 0.9692515432098765 0.9146776406035664 0.9596064814814814 0.9283950617283949 0.9412808641975308 0.9472565157750342 0.9383873456790124 0.9678326474622769 0.9316358024691358 0.9866941015089162 0.9229166666666667 0.9990740740740741 0.8833333333333333 0.9990740740740741
1 0.6905092592592592 0.3968449931412894 0.6905092592592592 0.4328532235939643 0.7146219135802468 0.4328532235939643 0.7040123456790124 0.39341563786008227
1 0.8602623456790124 0.5563100137174211 0.8602623456790124 0.5906035665294924 0.8795524691358024 0.5871742112482853 0.8747299382716048 0.5477366255144033
1 0.10216049382716048 0.16364883401920438 0.1040895061728395 0.19965706447187928 0.12337962962962963 0.19965706447187928 0.1195216049382716 0.16021947873799722
1 0.7348765432098765 0.6111796982167352 0.7348765432098765 0.6368998628257887 0.7560956790123456 0.6368998628257887 0.7503086419753087 0.6008916323731138
1 0.46481481481481474 0.6574759945130315 0.46385030864197524 0.6849108367626886 0.4802469135802469 0.6849108367626886 0.4802469135802469 0.6523319615912209
1 0.5390817901234567 0.2682441700960219 0.5429398148148148 0.29224965706447187 0.5535493827160494 0.2802469135802469 0.5525848765432098 0.2545267489711934
1 0.3288194444444444 0.44314128943758574 0.33171296296296293 0.4757201646090534 0.34714506172839504 0.4757201646090534 0.34521604938271605 0.44314128943758574
