0 0.726195987654321 0.20480109739368996 0.7117283950617284 0.22537722908093277 0.6924382716049382 0.2665294924554184 0.6808641975308641 0.295679012345679 0.6866512345679011 0.33511659807956107 0.7329475308641975 0.3093964334705075 0.7493441358024691 0.2682441700960219 0.7618827160493827 0.23052126200274345 0.7464506172839506 0.21337448559670777
1 0.24972993827160492 0.5134430727023319 0.24972993827160492 0.5425925925925926 0.263233024691358 0.540877914951989 0.265162037037037 0.5065843621399176
1 0.38572530864197524 0.4397119341563785 0.38668981481481474 0.4637174211248285 0.4021219135802469 0.4637174211248285 0.39922839506172836 0.4311385459533607
1 0.5246141975308641 0.17908093278463647 0.5246141975308641 0.20651577503429353 0.5419753086419753 0.20651577503429353 0.5419753086419753 0.1825102880658436
1 0.4551697530864197 0.05562414266117969 0.45806327160493826 0.08305898491083676 0.47349537037037037 0.08305898491083676 0.4725308641975309 0.05219478737997256
1 0.7618827160493827 0.15507544581618654 0.7599537037037037 0.18079561042524003 0.7782793209876543 0.18936899862825785 0.7782793209876543 0.15507544581618654
1 0.13977623456790125 0.5940329218106996 0.1388117283950617 0.6283264746227708 0.15424382716049384 0.6317558299039779 0.15810185185185185 0.5940329218106996
1 0.343287037037037 0.021330589849108367 0.343287037037037 0.048765432098765424 0.36161265432098766 0.05219478737997256 0.3606481481481481 0.019615912208504793
1 0.07804783950617283 0.876954732510288 0.07708333333333334 0.9061042524005487 0.05972222222222222 0.9061042524005487 0.058757716049382715 0.8752400548696845
1 0.7792438271604938 0.2802469135802469 0.7792438271604938 0.3076817558299039 0.7917824074074074 0.3111111111111111 0.7927469135802468 0.28367626886145403
0 0.9914351851851851 0.05562414266117969 0.9634645061728394 0.04362139917695472 0.9480324074074074 0.07448559670781892 0.9345293209876542 0.05562414266117969 0.9171682098765431 0.019615912208504793 0.9017361111111111 0.026474622770919057 0.892091049382716 0.05562414266117969 0.8728009259259258 0.101920438957476 0.8805169753086418 0.13449931412894373 0.9133101851851851 0.1362139917695473 0.9470679012345679 0.14135802469135803 0.9731095679012345 0.1465020576131687 0.9731095679012345 0.19279835390946504 0.9731095679012345 0.21165980795610423 0.9914351851851851 0.26138545953360764 0.9994791666666667 0.2796296296296296
