0 0.4950810185185185 0.3522633744855967 0.5018325617283951 0.32825788751714674 0.5056905864197531 0.29396433470507544 0.49893904320987653 0.28196159122085046 0.46325231481481477 0.24252400548696845 0.4372106481481481 0.2699588477366255 0.423707561728395 0.29739368998628257 0.42081404320987653 0.32139917695473247 0.4381751543209876 0.347119341563786 0.4507137345679012 0.36941015089163237 0.46421682098765427 0.38998628257887513 0.4516782407407407 0.4054183813443072 0.4401041666666667 0.41570644718792865 0.44396219135802467 0.4551440329218107 0.45457175925925924 0.47057613168724277 0.46903935185185186 0.4757201646090534 0.5047260802469136 0.46714677640603564 0.5191936728395061 0.42085048010973936 0.5182291666666666 0.39513031550068584
0 0.2925347222222222 0.7877914951989026 0.30314429012345673 0.7363511659807956 0.3041087962962962 0.7174897119341563 0.2838541666666667 0.7089163237311384 0.2664930555555555 0.7020576131687243 0.24623842592592593 0.7192043895747599 0.23659336419753085 0.7432098765432098 0.2279128086419753 0.7843621399176954 0.24720293209876543 0.8066529492455418 0.26456404320987653 0.8032235939643346 0.27324459876543206 0.798079561042524
0 0.8789544753086419 0.32311385459533604 0.8828125 0.34368998628257885 0.8943865740740741 0.35740740740740734 0.9107831790123456 0.3676954732510288 0.9426118827160493 0.3522633744855967 0.9455054012345678 0.3368312757201646 0.9377893518518517 0.28882030178326473 0.9271797839506172 0.26481481481481484 0.9223572530864197 0.23737997256515772 0.8914930555555555 0.2082304526748971 0.8808834876543209 0.19279835390946504 0.8577353395061728 0.20137174211248285 0.8374807098765431 0.20994513031550066 0.8297646604938271 0.23909465020576132 0.82397762345679 0.2665294924554184 0.806616512345679 0.29910836762688614 0.8124035493827161 0.3162551440329218 0.822048611111111 0.3248285322359396 0.8403742283950617 0.3265432098765432 0.8615933641975307 0.33340192043895744
1 0.334008487654321 0.8838134430727023 0.334008487654321 0.912962962962963 0.3542631172839506 0.912962962962963 0.35136959876543206 0.8838134430727023
0 0.8837770061728395 0.5751714677640603 0.8702739197530864 0.6557613168724279 0.8664158950617283 0.6849108367626886 0.8577353395061728 0.762071330589849 0.8789544753086419 0.7706447187928669 0.9320023148148148 0.7689300411522633 0.9532214506172838 0.7329218106995885 0.9609374999999999 0.6574759945130315 0.9551504629629629 0.6454732510288066 0.9406828703703703 0.6094650205761316 0.9445408950617283 0.6008916323731138 0.9898726851851851 0.5786008230452674 0.9994791666666667 0.562962962962963 0.9994791666666667 0.45092592592592595 0.9715470679012345 0.4465706447187929 0.9522569444444444 0.4397119341563785 0.9435763888888888 0.44314128943758574 0.9416473765432098 0.46200274348422493 0.9570794753086419 0.4877229080932784 0.9406828703703703 0.4825788751714677 0.9310378086419752 0.5254458161865568 0.9156057098765431 0.5340192043895746
1 0.587673611111111 0.37798353909465016 0.5847800925925924 0.4071330589849108 0.5963541666666666 0.4139917695473251 0.6040702160493827 0.4019890260631001 0.6011766975308641 0.3848422496570645
1 0.3687307098765432 0.004183813443072702 0.3696952160493827 0.03676268861454046 0.38994984567901236 0.03676268861454046 0.3870563271604938 0.004183813443072702
1 0.3831983024691358 0.8272290809327846 0.38030478395061723 0.8512345679012345 0.3889853395061728 0.8580932784636488 0.3967013888888889 0.8478052126200274 0.4005594135802469 0.8237997256515774
1 0.5220871913580247 0.437997256515775 0.5220871913580247 0.4688614540466392 0.5375192901234568 0.46543209876543207 0.5384837962962963 0.4328532235939643
1 0.21826774691358022 0.16536351165980795 0.2163387345679012 0.19451303155006858 0.23369984567901234 0.20137174211248285 0.23852237654320987 0.17565157750342936
1 0.7005208333333334 0.1825102880658436 0.6995563271604938 0.21165980795610423 0.7159529320987654 0.21337448559670777 0.7159529320987654 0.18422496570644717
0 0.6407214506172838 0.489437585733882 0.6320408950617283 0.5082990397805213 0.6301118827160493 0.5220164609053497 0.6378279320987654 0.528875171467764 0.654224537037037 0.5340192043895746 0.6667631172839505 0.5340192043895746 0.6802662037037037 0.5425925925925926 0.6841242283950617 0.5100137174211248 0.6793016975308641 0.49286694101508915 0.6648341049382716 0.4757201646090534 0.6494020061728395 0.47400548696844985
1 0.6050347222222221 0.09506172839506172 0.6040702160493827 0.12935528120713305 0.6223958333333334 0.12935528120713305 0.6233603395061728 0.09849108367626884
