0 0.6278163580246914 0.44828532235939644 0.6152777777777777 0.45342935528120715 0.6017746913580246 0.42599451303155 0.5940586419753087 0.4174211248285322 0.5853780864197531 0.41570644718792865 0.5766975308641975 0.46200274348422493 0.581520061728395 0.4997256515775034 0.5882716049382715 0.5357338820301782 0.6191358024691358 0.5528806584362139 0.6268518518518518 0.5820301783264745 0.6172067901234567 0.5957475994513032 0.6249228395061728 0.6266117969821673 0.6490354938271604 0.6574759945130315 0.6702546296296297 0.6643347050754458 0.6895447530864197 0.6917695473251029 0.6982253086419753 0.7037722908093278 0.7175154320987654 0.7312071330589849 0.7329475308641975 0.6986282578875171 0.7483796296296296 0.6866255144032921 0.7638117283950617 0.7089163237311384 0.7879243827160494 0.7277777777777777 0.80625 0.7140603566529492 0.8149305555555555 0.67119341563786 0.8236111111111111 0.5957475994513032 0.8236111111111111 0.5717421124828531 0.8207175925925925 0.528875171467764 0.7946759259259258 0.5031550068587105 0.7792438271604938 0.5100137174211248 0.7609182098765431 0.48429355281207126 0.7474151234567901 0.46028806584362136 0.7233024691358024 0.46028806584362136 0.7049768518518518 0.4637174211248285 0.6818287037037037 0.477434842249657 0.6962962962962963 0.4448559670781893 0.6750771604938272 0.42599451303155 0.6615740740740741 0.42427983539094644 0.651929012345679 0.42256515775034287
1 0.595023148148148 0.7312071330589849 0.595023148148148 0.7586419753086419 0.6065972222222221 0.7569272976680383 0.6065972222222221 0.7277777777777777
1 0.5448688271604938 0.35740740740740734 0.5458333333333333 0.3831275720164609 0.562229938271605 0.38655692729766805 0.5593364197530863 0.3556927297668038
1 0.3751157407407407 0.6506172839506172 0.3751157407407407 0.6729080932784636 0.39054783950617283 0.6780521262002742 0.39151234567901233 0.6454732510288066
1 0.30567129629629625 0.6128943758573387 0.30567129629629625 0.6420438957475995 0.3259259259259259 0.6420438957475995 0.3259259259259259 0.5974622770919067
1 0.07611882716049383 0.6660493827160493 0.07611882716049383 0.6917695473251029 0.09251543209876542 0.6917695473251029 0.09347993827160493 0.6660493827160493
1 0.5275077160493827 0.4191358024691358 0.5265432098765432 0.44142661179698217 0.5410108024691358 0.44828532235939644 0.5429398148148148 0.42085048010973936
1 0.7117283950617284 0.3316872427983539 0.7117283950617284 0.35740740740740734 0.731983024691358 0.35912208504801096 0.731983024691358 0.32825788751714674
1 0.6451774691358024 0.16536351165980795 0.6422839506172838 0.18765432098765428 0.6567515432098765 0.19451303155006858 0.6635030864197531 0.1722222222222222
0 0.9962577160493827 0.27167352537722905 0.9769675925925925 0.2751028806584362 0.9586419753086418 0.28539094650205754 0.9528549382716048 0.32825788751714674 0.9489969135802468 0.3505486968449931 0.9576774691358024 0.38998628257887513 0.9788966049382715 0.4174211248285322 0.9994791666666667 0.44722222222222224
1 0.5111111111111111 0.7037722908093278 0.5111111111111111 0.7294924554183814 0.5265432098765432 0.7294924554183814 0.5265432098765432 0.69519890260631
0 0.8911265432098765 0.8032235939643346 0.8834104938271604 0.8117969821673524 0.8689429012345679 0.8306584362139917 0.8641203703703704 0.852949245541838 0.8766589506172838 0.8752400548696845 0.9036651234567901 0.8838134430727023 0.9239197530864197 0.8700960219478737 0.9335648148148148 0.8563786008230452 0.9306712962962962 0.8203703703703703 0.9210262345679011 0.8049382716049382 0.907523148148148 0.7963648834019204
