17 0.4474537037037037 0.24252400548696845 0.46288580246913574 0.2030864197530864 0.4841049382716049 0.1722222222222222 0.5024305555555555 0.1619341563786008 0.5439043209876543 0.16364883401920438 0.5612654320987654 0.13106995884773662 0.5892361111111111 0.10020576131687241 0.5921296296296297 0.07962962962962963 0.577662037037037 0.07620027434842248 0.5545138888888889 0.09849108367626884 0.5419753086419753 0.11049382716049382 0.5140046296296296 0.12421124828532233 0.4908564814814814 0.12249657064471878 0.4677083333333333 0.14478737997256513 0.4474537037037037 0.18079561042524003 0.43491512345679006 0.21851851851851853 0.42237654320987655 0.24766803840877913
1 0.28059413580246917 0.516872427983539 0.28155864197530867 0.5460219478737998 0.2940972222222222 0.5494513031550069 0.2979552469135802 0.5100137174211248
1 0.5467978395061728 0.6214677640603565 0.5467978395061728 0.6454732510288066 0.5660879629629629 0.6454732510288066 0.5603009259259258 0.6146090534979424
0 0.4484182098765432 0.9918381344307271 0.46192129629629625 0.9661179698216735 0.4821759259259259 0.9678326474622769 0.501466049382716 0.979835390946502 0.5120756172839506 0.9335390946502057 0.5313657407407407 0.8992455418381344 0.5525848765432098 0.8889574759945129 0.5419753086419753 0.8460905349794238 0.5294367283950617 0.8289437585733882 0.5111111111111111 0.8237997256515774 0.5082175925925926 0.798079561042524 0.5246141975308641 0.7500685871056241 0.5467978395061728 0.7397805212620027 0.5670524691358024 0.7072016460905349 0.5988811728395061 0.7174897119341563 0.6133487654320987 0.7672153635116598 0.6364969135802468 0.8032235939643346 0.6355324074074074 0.8426611796982166 0.648070987654321 0.8752400548696845 0.6355324074074074 0.9095336076817558 0.6422839506172838 0.979835390946502 0.6302083333333334 0.9990740740740741 0.4473958333333333 0.9990740740740741
0 0.0018518518518518517 0.07962962962962963 0.025 0.06419753086419751 0.04814814814814815 0.06762688614540467 0.06840277777777777 0.05219478737997256 0.09251543209876542 0.05562414266117969 0.12820216049382716 0.014471879286694092 0.12864583333333332 0.0 0.0015625 0.0
0 0.9596064814814814 0.15850480109739368 0.9499614197530863 0.1825102880658436 0.9461033950617284 0.20651577503429353 0.9596064814814814 0.22880658436213988 0.9760030864197531 0.2236625514403292 0.9866126543209875 0.20480109739368996 0.9875771604938272 0.15507544581618654 0.9760030864197531 0.14478737997256513
1 0.5545138888888889 0.4517146776406036 0.5545138888888889 0.4825788751714677 0.5689814814814814 0.4808641975308641 0.569945987654321 0.45
1 0.265162037037037 0.8426611796982166 0.26709104938271605 0.8683813443072701 0.28252314814814816 0.8700960219478737 0.28059413580246917 0.8392318244170096
17 0.8891975308641975 0.762071330589849 0.9152391975308641 0.7826474622770919 0.9470679012345679 0.7826474622770919 0.9422453703703704 0.734636488340192 0.9181327160493827 0.7243484224965705 0.9055941358024691 0.7294924554183814 0.9162037037037037 0.7534979423868312 0.9335648148148148 0.7637860082304526 0.8978780864197531 0.7363511659807956
1 0.4542052469135802 0.38655692729766805 0.4532407407407407 0.41570644718792865 0.46867283950617283 0.42085048010973936 0.47445987654320987 0.38827160493827156
1 0.8226466049382715 0.3522633744855967 0.8207175925925925 0.3814128943758573 0.8342206790123456 0.3814128943758573 0.8380787037037037 0.3556927297668038
1 0.7406635802469135 0.6368998628257887 0.7406635802469135 0.6660493827160493 0.7551311728395061 0.6643347050754458 0.7560956790123456 0.6334705075445817
1 0.6953317901234567 0.7757887517146776 0.6914737654320987 0.8032235939643346 0.7097993827160494 0.8100823045267489 0.7126929012345679 0.7775034293552812
