1 0.82397762345679 0.864951989026063 0.822048611111111 0.8906721536351165 0.8423032407407407 0.8958161865569273 0.8403742283950617 0.8666666666666666
1 0.8191550925925924 0.7449245541838134 0.8172260802469135 0.7723593964334704 0.8384452160493827 0.7775034293552812 0.8365162037037037 0.7517832647462277
1 0.6773726851851851 0.47229080932784634 0.6764081790123456 0.501440329218107 0.6928047839506172 0.5048696844993141 0.6918402777777778 0.47400548696844985
1 0.5153356481481481 0.13964334705075446 0.5124421296296295 0.16707818930041152 0.5298032407407407 0.1773662551440329 0.5336612654320987 0.14993141289437587
1 0.7468171296296295 0.03333333333333333 0.74585262345679 0.059053497942386825 0.7603202160493827 0.062482853223593954 0.7603202160493827 0.029903978052126193
1 0.1362847222222222 0.8700960219478737 0.1362847222222222 0.8975308641975308 0.15364583333333334 0.9026748971193416 0.15364583333333334 0.8683813443072701
1 0.5384837962962963 0.5545953360768175 0.5384837962962963 0.5837448559670781 0.5539158950617283 0.5820301783264745 0.5510223765432098 0.5511659807956104
1 0.8673804012345678 0.35912208504801096 0.8664158950617283 0.38998628257887513 0.8799189814814814 0.3917009602194787 0.8808834876543209 0.35912208504801096
1 0.7188464506172838 0.1825102880658436 0.7188464506172838 0.2150891632373114 0.7362075617283951 0.21337448559670777 0.7352430555555555 0.1773662551440329
1 0.8963155864197531 0.7449245541838134 0.8982445987654321 0.7740740740740739 0.9194637345679012 0.7706447187928669 0.9146412037037037 0.7414951989026063
0 0.808545524691358 0.005898491083676265 0.8345871913580247 0.01790123456790123 0.8644868827160493 0.03333333333333333 0.8818479938271604 0.021330589849108367 0.8914930555555555 0.004183813443072702 0.8982445987654321 0.03333333333333333 0.900173611111111 0.08134430727023319 0.8963155864197531 0.10877914951989025 0.8963155864197531 0.1362139917695473 0.9242862654320987 0.14135802469135803 0.9387538580246914 0.12421124828532233 0.9994791666666667 0.10925925925925926 0.9994791666666667 0.0 0.809375 0.0
0 0.44589120370370366 0.25624142661179694 0.44492669753086417 0.27681755829903976 0.4516782407407407 0.3402606310013717 0.45746527777777773 0.36083676268861453 0.45457175925925924 0.3917009602194787 0.4622878086419753 0.42770919067215357 0.45650077160493824 0.45 0.4420331790123457 0.4688614540466392 0.4497492283950617 0.5031550068587105 0.46518132716049376 0.4997256515775034 0.47096836419753085 0.5185871056241426 0.4864004629629629 0.5340192043895746 0.5191936728395061 0.5271604938271605 0.5346257716049383 0.501440329218107 0.5490933641975307 0.47057613168724277 0.5616319444444444 0.4585733882030178 0.5780285493827161 0.42085048010973936 0.587673611111111 0.3831275720164609 0.5905671296296297 0.34883401920438956 0.5963541666666666 0.31454046639231825 0.5953896604938271 0.28367626886145403 0.5789930555555555 0.28367626886145403 0.566454475308642 0.24423868312757202 0.5635609567901234 0.23566529492455415 0.5230516975308642 0.22709190672153634 0.49893904320987653 0.22194787379972564 0.4777199074074074 0.22023319615912207 0.4613233024691358 0.2236625514403292
1 0.042727623456790126 0.9455418381344307 0.041763117283950615 0.9712620027434841 0.0552662037037037 0.9746913580246912 0.05623070987654321 0.9438271604938271
0 0.6252893518518517 0.5580246913580247 0.6214313271604938 0.6026063100137173 0.6195023148148148 0.6557613168724279 0.6214313271604938 0.6934842249657064 0.6156442901234568 0.7037722908093278 0.5818865740740741 0.7312071330589849 0.568383487654321 0.7432098765432098 0.5510223765432098 0.7723593964334704 0.5510223765432098 0.8015089163237311 0.566454475308642 0.8169410150891632 0.6031057098765431 0.8100823045267489 0.6185378086419753 0.798079561042524 0.6310763888888888 0.7895061728395062 0.6108217592592592 0.8117969821673524 0.5934606481481481 0.8289437585733882 0.5905671296296297 0.837517146776406 0.6040702160493827 0.912962962962963 0.5963541666666666 0.9283950617283949 0.5934606481481481 0.9558299039780521 0.5828510802469135 0.9986968449931413 0.6937692901234568 0.9969821673525376 0.6580825617283951 0.9866941015089162 0.6532600308641975 0.9644032921810698 0.6648341049382716 0.9352537722908092 0.6667631172839505 0.9215363511659806 0.6850887345679012 0.8992455418381344 0.7082368827160493 0.8889574759945129 0.7140239197530864 0.8786694101508916 0.7159529320987654 0.8409465020576131 0.7053433641975307 0.8306584362139917 0.6956983024691358 0.8066529492455418 0.6956983024691358 0.7912208504801097 0.6985918209876544 0.7534979423868312 0.7024498456790124 0.7397805212620027 0.7198109567901234 0.7294924554183814 0.7333140432098765 0.7277777777777777 0.7526041666666666 0.6849108367626886 0.7583912037037037 0.67119341563786 0.7554976851851851 0.568312757201646 0.7448881172839505 0.5614540466392318 0.732349537037037 0.5460219478737998 0.7188464506172838 0.604320987654321 0.7140239197530864 0.6403292181069958 0.7014853395061728 0.6403292181069958 0.6947337962962963 0.5940329218106996 0.6821952160493827 0.5597393689986282 0.6735146604938271 0.540877914951989 0.6600115740740741 0.5340192043895746 0.6330054012345678 0.5425925925925926
