1 0.2963927469135802 0.39855967078189297 0.29928626543209874 0.4311385459533607 0.31375385802469136 0.42770919067215357 0.31182484567901236 0.39855967078189297
1 0.5182291666666666 0.10877914951989025 0.5182291666666666 0.1362139917695473 0.5375192901234568 0.14135802469135803 0.5365547839506173 0.101920438957476
1 0.6947337962962963 0.3711248285322359 0.6976273148148148 0.4037037037037037 0.7120949074074073 0.4037037037037037 0.7101658950617283 0.36941015089163237
1 0.27324459876543206 0.7192043895747599 0.27228009259259256 0.7432098765432098 0.28867669753086417 0.7466392318244169 0.28964120370370366 0.7140603566529492
1 0.2684220679012345 0.16536351165980795 0.26938657407407407 0.19622770919067214 0.2848186728395062 0.19108367626886147 0.2848186728395062 0.16364883401920438
1 0.6407214506172838 0.060768175582990386 0.6387924382716048 0.08305898491083676 0.6551890432098765 0.08820301783264745 0.6551890432098765 0.062482853223593954
0 0.9107831790123456 0.2699588477366255 0.8963155864197531 0.2802469135802469 0.884741512345679 0.3008230452674897 0.8808834876543209 0.3162551440329218 0.8760609567901234 0.34368998628257885 0.8712384259259258 0.3848422496570645 0.8712384259259258 0.4019890260631001 0.8789544753086419 0.42599451303155 0.8924575617283951 0.44142661179698217 0.8953510802469135 0.45342935528120715 0.8924575617283951 0.4757201646090534 0.8799189814814814 0.47914951989026056 0.8712384259259258 0.43456790123456784 0.8558063271604938 0.4191358024691358 0.8538773148148148 0.4551440329218107 0.8316936728395061 0.44314128943758574 0.82397762345679 0.43456790123456784 0.8162615740740741 0.4637174211248285 0.8124035493827161 0.5031550068587105 0.8046875 0.5665980795610425 0.7989004629629629 0.5940329218106996 0.7776813271604938 0.6334705075445817 0.7873263888888888 0.6643347050754458 0.8133680555555555 0.6831961591220851 0.8075810185185185 0.7054869684499313 0.7921489197530864 0.7312071330589849 0.7690007716049382 0.734636488340192 0.7583912037037037 0.7432098765432098 0.7448881172839505 0.7466392318244169 0.7169174382716048 0.7792181069958848 0.7236689814814814 0.8632373113854594 0.7063078703703703 0.8632373113854594 0.6841242283950617 0.864951989026063 0.6638695987654321 0.9026748971193416 0.6580825617283951 0.9283950617283949 0.6561535493827161 0.9558299039780521 0.6841242283950617 0.9661179698216735 0.6783371913580247 0.9935528120713305 0.6821952160493827 0.9935528120713305 0.9985532407407407 0.9969821673525376 0.9975887345679012 0.5906035665294924 0.9811921296296295 0.5854595336076818 0.9840856481481481 0.5477366255144033 0.9811921296296295 0.528875171467764 0.9725115740740741 0.5220164609053497 0.9503279320987654 0.5117283950617284 0.9406828703703703 0.4962962962962963 0.9474344135802468 0.47400548696844985 0.9705825617283951 0.4568587105624142 0.9754050925925924 0.4362825788751714 0.9763695987654321 0.42085048010973936 0.9705825617283951 0.38827160493827156 0.9725115740740741 0.3419753086419753 0.9599729938271604 0.31454046639231825 0.966724537037037 0.29739368998628257 0.9522569444444444 0.2579561042524005 0.9464699074074073 0.24595336076817556 0.9252507716049382 0.24766803840877913 0.9281442901234568 0.26138545953360764
1 0.8760609567901234 0.20480109739368996 0.8750964506172838 0.23395061728395058 0.8905285493827161 0.23395061728395058 0.8963155864197531 0.20480109739368996
1 0.6059992283950617 0.14993141289437587 0.6059992283950617 0.1773662551440329 0.6214313271604938 0.1739368998628258 0.6204668209876544 0.14478737997256513
1 0.4227430555555555 0.1567901234567901 0.4227430555555555 0.18422496570644717 0.4372106481481481 0.19108367626886147 0.4372106481481481 0.16021947873799722
0 0.1970486111111111 0.10020576131687241 0.18933256172839505 0.13449931412894373 0.19029706790123455 0.14993141289437587 0.19511959876543208 0.15850480109739368 0.2144097222222222 0.16536351165980795 0.2279128086419753 0.16707818930041152 0.2423804012345679 0.18936899862825785 0.24623842592592593 0.22709190672153634 0.23659336419753085 0.25624142661179694 0.2298418209876543 0.2733882030178326 0.21730324074074073 0.29396433470507544 0.18836805555555552 0.2905349794238683 0.17004243827160492 0.2579561042524005 0.14303626543209877 0.23909465020576132 0.1362847222222222 0.23909465020576132 0.12663966049382716 0.22023319615912207 0.11410108024691357 0.18936899862825785 0.12471064814814814 0.18079561042524003 0.13049768518518517 0.16021947873799722 0.12953317901234568 0.13106995884773662 0.14110725308641975 0.09334705075445816 0.15653935185185183 0.0710562414266118 0.18643904320987653 0.06934156378600823
1 0.23948688271604937 0.643758573388203 0.23852237654320987 0.6694787379972564 0.25684799382716045 0.6746227709190671 0.25781249999999994 0.6454732510288066
