1 0.6282986111111111 0.2622427983539094 0.6282986111111111 0.2845336076817558 0.6364969135802468 0.2905349794238683 0.6466242283950616 0.28967764060356654 0.6437307098765432 0.2553840877914952
1 0.35582561728395057 0.32825788751714674 0.35486111111111107 0.3539780521262002 0.3693287037037037 0.35740740740740734 0.3702932098765432 0.3248285322359396
1 0.335570987654321 0.3711248285322359 0.335570987654321 0.4019890260631001 0.3529320987654321 0.4037037037037037 0.3538966049382716 0.3676954732510288
1 0.5477623456790124 0.11220850480109737 0.5467978395061728 0.13449931412894373 0.5603009259259258 0.1379286694101509 0.5641589506172839 0.10877914951989025
1 0.8756944444444444 0.6111796982167352 0.8737654320987654 0.6351851851851852 0.892091049382716 0.6471879286694101 0.892091049382716 0.6128943758573387
1 0.6422839506172838 0.7637860082304526 0.6432484567901234 0.798079561042524 0.659645061728395 0.7997942386831275 0.659645061728395 0.7655006858710561
1 0.14845679012345678 0.6368998628257887 0.14749228395061728 0.6660493827160493 0.16292438271604937 0.6694787379972564 0.16581790123456788 0.6351851851851852
3 0.3780092592592592 0.04190672153635116 0.38861882716049384 0.08991769547325103 0.4059799382716049 0.0659122085048011 0.3876543209876543 0.026474622770919057
1 0.27673611111111107 0.21165980795610423 0.27866512345679006 0.24423868312757202 0.2989197530864197 0.24766803840877913 0.2989197530864197 0.20480109739368996
1 0.8824459876543209 0.23052126200274345 0.8824459876543209 0.2579561042524005 0.9017361111111111 0.2579561042524005 0.8978780864197531 0.22194787379972564
1 0.2902391975308642 0.8958161865569273 0.2892746913580247 0.9163923182441701 0.30663580246913574 0.9232510288065844 0.30856481481481485 0.8975308641975308
