0 0.7737461419753086 0.011042524005486967 0.755420524691358 0.059053497942386825 0.7505979938271604 0.06934156378600823 0.7457754629629628 0.13278463648834019 0.7505979938271604 0.16707818930041152 0.759278549382716 0.22537722908093277 0.7882137345679011 0.2528120713305898 0.8190779320987654 0.2545267489711934 0.8673032407407407 0.24252400548696845 0.8943094135802468 0.22880658436213988 0.915528549382716 0.19279835390946504 0.9242091049382715 0.1516460905349794 0.9203510802469135 0.10363511659807956 0.9299961419753086 0.07962962962962963 0.9193865740740741 0.014471879286694092 0.9109375 0.0
0 0.6551118827160494 0.7397805212620027 0.6512538580246914 0.7569272976680383 0.6416087962962963 0.7877914951989026 0.6406442901234567 0.8289437585733882 0.6676504629629629 0.876954732510288 0.6859760802469135 0.8820987654320988 0.6956211419753087 0.8409465020576131 0.7052662037037037 0.813511659807956 0.7043016975308641 0.7792181069958848 0.6907986111111111 0.7552126200274348 0.6686149691358024 0.7380658436213992
1 0.7544560185185184 0.6866255144032921 0.7525270061728394 0.7123456790123456 0.7641010802469135 0.7192043895747599 0.7698881172839506 0.6986282578875171 0.7669945987654321 0.679766803840878
1 0.2558063271604938 0.5854595336076818 0.2509837962962963 0.6146090534979424 0.2615933641975309 0.6231824417009602 0.2702739197530864 0.619753086419753 0.2722029320987654 0.6077503429355281
1 0.2731674382716049 0.39341563786008227 0.26738040123456785 0.4191358024691358 0.280883487654321 0.44142661179698217 0.29052854938271605 0.42256515775034287 0.2857060185185185 0.39513031550068584
1 0.593383487654321 0.6214677640603565 0.591454475308642 0.6454732510288066 0.6059220679012345 0.6471879286694101 0.6068865740740741 0.6334705075445817
1 0.6840470679012345 0.44142661179698217 0.6840470679012345 0.4688614540466392 0.696585648148148 0.4688614540466392 0.696585648148148 0.44314128943758574
1 0.9251736111111111 0.6934842249657064 0.9242091049382715 0.7192043895747599 0.9425347222222221 0.7294924554183814 0.9425347222222221 0.6934842249657064
1 0.8460841049382715 0.7020576131687243 0.8460841049382715 0.7294924554183814 0.8624807098765431 0.7294924554183814 0.8624807098765431 0.7003429355281207
0 0.9926890432098765 0.060768175582990386 0.9762924382716048 0.08477366255144032 0.9579668209876542 0.1259259259259259 0.9473572530864197 0.14993141289437587 0.9367476851851851 0.16364883401920438 0.915528549382716 0.2082304526748971 0.9020254629629628 0.24252400548696845 0.8865933641975308 0.28367626886145403 0.8846643518518518 0.29224965706447187 0.8721257716049382 0.36598079561042524 0.8711612654320987 0.37798353909465016 0.8808063271604938 0.42085048010973936 0.8914158950617284 0.4397119341563785 0.9107060185185184 0.46543209876543207 0.9271026234567901 0.4877229080932784 0.9386766975308641 0.5031550068587105 0.9666473765432098 0.5082990397805213 0.9859374999999999 0.5031550068587105 0.9994791666666667 0.4861111111111111 0.9994791666666667 0.05555555555555555
5 0.21626157407407404 0.4757201646090534 0.19890046296296296 0.5082990397805213 0.18539737654320987 0.4877229080932784 0.20275848765432097 0.4568587105624142 0.2220486111111111 0.4585733882030178
0 0.524903549382716 0.9918381344307271 0.5200810185185185 0.9455418381344307 0.5114004629629629 0.900960219478738 0.5036844135802468 0.8855281207133059 0.4921103395061728 0.8409465020576131 0.48825231481481474 0.8152263374485595 0.48535879629629625 0.7775034293552812 0.49886188271604937 0.7466392318244169 0.522974537037037 0.7500685871056241 0.5364776234567901 0.7826474622770919 0.524903549382716 0.8340877914951988 0.5191165123456789 0.8443758573388203 0.5422646604938272 0.8512345679012345 0.5586612654320987 0.8615226337448558 0.5789158950617284 0.9043895747599451 0.5789158950617284 0.94039780521262 0.5943479938271604 0.979835390946502 0.6001350308641975 0.9986968449931413
