1 0.568383487654321 0.374554183813443 0.5712770061728395 0.4019890260631001 0.5867091049382716 0.40027434842249654 0.5818865740740741 0.36941015089163237
0 0.66772762345679 0.0007544581618655644 0.6667631172839505 0.04362139917695472 0.6706211419753086 0.0710562414266118 0.6870177469135802 0.11563786008230452 0.7140239197530864 0.13278463648834019 0.7545331790123456 0.12935528120713305 0.7709297839506172 0.12421124828532233 0.8017939814814814 0.10020576131687241 0.8124035493827161 0.062482853223593954 0.8166666666666667 0.0 0.6609375 0.0
0 0.29735725308641975 0.004183813443072702 0.3070023148148148 0.028189300411522632 0.3079668209876543 0.05219478737997256 0.3079668209876543 0.10706447187928668 0.27324459876543206 0.12764060356652948 0.27903163580246915 0.16536351165980795 0.28964120370370366 0.18936899862825785 0.28867669753086417 0.23395061728395058 0.2780671296296296 0.2596707818930041 0.2838541666666667 0.28710562414266116 0.267457561728395 0.3162551440329218 0.25395447530864196 0.33511659807956107 0.25202546296296297 0.3625514403292181 0.26456404320987653 0.3814128943758573 0.29928626543209874 0.3711248285322359 0.29928626543209874 0.3556927297668038 0.31568287037037035 0.35740740740740734 0.3243634259259259 0.3402606310013717 0.35233410493827155 0.3522633744855967 0.35040509259259256 0.29396433470507544 0.3465470679012345 0.2699588477366255 0.39091435185185186 0.2579561042524005 0.415991512345679 0.29224965706447187 0.42177854938271603 0.3008230452674897 0.42081404320987653 0.2545267489711934 0.4082754629629629 0.21680384087791496 0.4082754629629629 0.18936899862825785 0.40345293209876537 0.1739368998628258 0.4372106481481481 0.12078189300411521 0.4429976851851852 0.11563786008230452 0.47193287037037035 0.12935528120713305 0.4854359567901234 0.11906721536351166 0.48929398148148145 0.13964334705075446 0.49893904320987653 0.16707818930041152 0.5105131172839505 0.1825102880658436 0.5240162037037037 0.1516460905349794 0.5568094135802468 0.13278463648834019 0.568383487654321 0.13449931412894373 0.576099537037037 0.10020576131687241 0.587673611111111 0.06762688614540467 0.5809220679012345 0.045336076817558295 0.5577739197530864 0.035048010973936894 0.5505208333333333 0.0 0.5505208333333333 0.0
1 0.5326967592592592 0.5374485596707819 0.5317322530864197 0.5665980795610425 0.5481288580246914 0.5700274348422496 0.5481288580246914 0.5340192043895746
1 0.7535686728395061 0.46028806584362136 0.7526041666666666 0.4911522633744856 0.7709297839506172 0.4911522633744856 0.7718942901234568 0.46028806584362136
1 0.8423032407407407 0.528875171467764 0.8384452160493827 0.5597393689986282 0.8606288580246914 0.568312757201646 0.8625578703703703 0.5254458161865568
1 0.8336226851851851 0.1722222222222222 0.8278356481481481 0.2030864197530864 0.8471257716049382 0.21165980795610423 0.8519483024691358 0.17908093278463647
1 0.21344521604938269 0.8203703703703703 0.21344521604938269 0.8546639231824417 0.23466435185185183 0.8563786008230452 0.23466435185185183 0.8066529492455418 0.22019675925925924 0.8066529492455418
1 0.23369984567901234 0.6934842249657064 0.23562885802469136 0.722633744855967 0.25298996913580246 0.7157750342935527 0.24816743827160492 0.6814814814814815
1 0.8152970679012345 0.2699588477366255 0.8152970679012345 0.3008230452674897 0.8336226851851851 0.3025377229080932 0.8345871913580247 0.2665294924554184
1 0.47096836419753085 0.9232510288065844 0.47096836419753085 0.952400548696845 0.48929398148148145 0.9506858710562414 0.48929398148148145 0.9266803840877914
5 0.9059606481481481 0.22023319615912207 0.9194637345679012 0.2699588477366255 0.9339313271604938 0.2579561042524005 0.9194637345679012 0.20480109739368996
0 0.25298996913580246 0.5820301783264745 0.26167052469135804 0.6403292181069958 0.27228009259259256 0.6814814814814815 0.2607060185185185 0.7312071330589849 0.25684799382716045 0.7466392318244169 0.25781249999999994 0.8100823045267489 0.26552854938271603 0.8443758573388203 0.28192515432098764 0.8546639231824417 0.3089313271604938 0.8512345679012345 0.3320794753086419 0.8306584362139917 0.3446180555555555 0.7997942386831275 0.3465470679012345 0.7312071330589849 0.34268904320987653 0.6883401920438957 0.3388310185185185 0.6368998628257887 0.35233410493827155 0.5974622770919067 0.33979552469135804 0.592318244170096 0.29928626543209874 0.5563100137174211 0.2684220679012345 0.5528806584362139
