1 0.4445601851851852 0.3025377229080932 0.4445601851851852 0.3299725651577503 0.46095679012345675 0.3299725651577503 0.46192129629629625 0.3025377229080932
1 0.4570987654320987 0.6883401920438957 0.47638888888888886 0.6969135802469135 0.4677083333333333 0.7277777777777777 0.4542052469135802 0.7174897119341563
0 0.3683641975308642 0.23909465020576132 0.3664351851851852 0.19279835390946504 0.3712577160493827 0.1739368998628258 0.38379629629629625 0.14135802469135803 0.38476080246913574 0.12764060356652948 0.37993827160493826 0.09849108367626884 0.3722222222222222 0.07448559670781892 0.37993827160493826 0.059053497942386825 0.3673996913580247 0.03847736625514402 0.34618055555555555 0.05219478737997256 0.31145833333333334 0.06762688614540467 0.2931327160493827 0.06934156378600823 0.2748070987654321 0.060768175582990386 0.26805555555555555 0.09506172839506172 0.2757716049382716 0.11735253772290809 0.26998456790123454 0.14307270233196157 0.26709104938271605 0.16879286694101506 0.28541666666666665 0.19965706447187928 0.2979552469135802 0.21337448559670777 0.3143518518518518 0.23737997256515772 0.3259259259259259 0.2528120713305898 0.339429012345679 0.27167352537722905 0.35003858024691353 0.26310013717421127
1 0.335570987654321 0.4071330589849108 0.335570987654321 0.4328532235939643 0.35100308641975303 0.4328532235939643 0.35100308641975303 0.4019890260631001
1 0.2777006172839506 0.7243484224965705 0.2796296296296296 0.7500685871056241 0.29506172839506173 0.7432098765432098 0.2921682098765432 0.7192043895747599
1 0.8467592592592592 0.20651577503429353 0.8486882716049382 0.23737997256515772 0.8650848765432098 0.23395061728395058 0.8631558641975308 0.2082304526748971
1 0.7589891975308641 0.25109739368998624 0.7599537037037037 0.27681755829903976 0.7734567901234567 0.27681755829903976 0.7744212962962962 0.24595336076817556
1 0.733912037037037 0.11049382716049382 0.7348765432098765 0.1379286694101509 0.7483796296296296 0.1362139917695473 0.7483796296296296 0.10877914951989025
1 0.1339891975308642 0.13449931412894373 0.1339891975308642 0.15850480109739368 0.14749228395061728 0.15850480109739368 0.14845679012345678 0.13278463648834019
0 0.5593364197530863 0.4362825788751714 0.5728395061728394 0.4551440329218107 0.5844135802469135 0.47229080932784634 0.5998456790123456 0.49801097393689986 0.6152777777777777 0.5151577503429355 0.6201003086419753 0.4945816186556927 0.6210648148148148 0.477434842249657 0.6104552469135801 0.4551440329218107 0.5959876543209877 0.437997256515775 0.5766975308641975 0.4139917695473251 0.5660879629629629 0.41056241426611795
