1 0.5037615740740741 0.5151577503429355 0.49990354938271603 0.5357338820301782 0.5143711419753086 0.5494513031550069 0.5182291666666666 0.5203017832647462
0 0.6156442901234568 0.002469135802469127 0.5982831790123456 0.03847736625514402 0.5838155864197531 0.0710562414266118 0.5838155864197531 0.1362139917695473 0.6117862654320987 0.19108367626886147 0.6783371913580247 0.2545267489711934 0.7082368827160493 0.26481481481481484 0.7362075617283951 0.26481481481481484 0.7333140432098765 0.28367626886145403 0.7593557098765431 0.2802469135802469 0.7583912037037037 0.23909465020576132 0.7487461419753086 0.2030864197530864 0.7651427469135802 0.1465020576131687 0.7882908950617283 0.101920438957476 0.8095100308641975 0.03161865569272976 0.8291666666666667 0.0 0.615625 0.0
1 0.4391396604938271 0.3505486968449931 0.4401041666666667 0.3831275720164609 0.45939429012345673 0.3762688614540466 0.45746527777777773 0.3505486968449931
0 0.8384452160493827 0.004183813443072702 0.8268711419753085 0.060768175582990386 0.82397762345679 0.10706447187928668 0.8288001543209876 0.16021947873799722 0.8181905864197531 0.19279835390946504 0.8384452160493827 0.22194787379972564 0.8615933641975307 0.25109739368998624 0.8172260802469135 0.33854595336076815 0.810474537037037 0.36941015089163237 0.8191550925925924 0.4088477366255144 0.8586998456790124 0.48429355281207126 0.8712384259259258 0.4757201646090534 0.8480902777777778 0.437997256515775 0.8818479938271604 0.42427983539094644 0.90210262345679 0.4637174211248285 0.9233217592592592 0.42770919067215357 0.9840856481481481 0.4328532235939643 0.9898726851851851 0.41570644718792865 0.9705825617283951 0.37798353909465016 0.9946952160493827 0.3299725651577503 0.9994791666666667 0.3138888888888889 0.9994791666666667 0.0
1 0.5789930555555555 0.4328532235939643 0.5780285493827161 0.46028806584362136 0.5924961419753086 0.46028806584362136 0.5973186728395061 0.42942386831275714
1 0.3233989197530864 0.23223593964334702 0.32532793209876537 0.2699588477366255 0.3465470679012345 0.2665294924554184 0.34172453703703703 0.23052126200274345
1 0.6484375 0.36598079561042524 0.646508487654321 0.38827160493827156 0.6638695987654321 0.3968449931412894 0.6648341049382716 0.3762688614540466
1 0.16907793209876543 0.9661179698216735 0.17004243827160492 0.9935528120713305 0.18643904320987653 0.9935528120713305 0.1845100308641975 0.9626886145404664
0 0.36583719135802467 0.05562414266117969 0.36680169753086417 0.10706447187928668 0.39091435185185186 0.1567901234567901 0.42177854938271603 0.1722222222222222 0.4410686728395062 0.16707818930041152 0.4622878086419753 0.09334705075445816 0.4381751543209876 0.08820301783264745 0.4102044753086419 0.07620027434842248 0.3880208333333333 0.03333333333333333 0.3716242283950617 0.028189300411522632
1 0.46903935185185186 0.23737997256515772 0.46421682098765427 0.26310013717421127 0.4786844135802469 0.2751028806584362 0.4854359567901234 0.2493827160493827
0 0.28192515432098764 0.11906721536351166 0.27228009259259256 0.09849108367626884 0.25684799382716045 0.09849108367626884 0.25298996913580246 0.05219478737997256 0.2848186728395062 0.03161865569272976 0.30025077160493824 0.03333333333333333 0.3089313271604938 0.03161865569272976 0.3185763888888889 0.048765432098765424 0.3185763888888889 0.07791495198902607 0.3272569444444444 0.12421124828532233 0.3079668209876543 0.1516460905349794 0.27324459876543206 0.14135802469135803
1 0.9570794753086419 0.5545953360768175 0.9570794753086419 0.5854595336076818 0.9725115740740741 0.5854595336076818 0.9734760802469135 0.564883401920439
