0 0.7030478395061728 0.9969821673525376 0.7117283950617284 0.979835390946502 0.7146219135802468 0.9369684499314128 0.7146219135802468 0.9078189300411522 0.7271604938271604 0.864951989026063 0.7416280864197531 0.8323731138545953 0.7802083333333333 0.8186556927297667 0.7782793209876543 0.873525377229081 0.7647762345679011 0.9095336076817558 0.7802083333333333 0.9249657064471878 0.804320987654321 0.9078189300411522 0.813966049382716 0.9352537722908092 0.8207175925925925 0.9592592592592593 0.8409722222222221 0.9849794238683126 0.8416666666666667 0.9990740740740741
1 0.7927469135802468 0.46543209876543207 0.7927469135802468 0.49286694101508915 0.8110725308641975 0.4945816186556927 0.8110725308641975 0.46028806584362136
1 0.3760802469135802 0.2699588477366255 0.3770447530864197 0.295679012345679 0.3924768518518518 0.29739368998628257 0.3924768518518518 0.2699588477366255
1 0.018248456790123456 0.27681755829903976 0.02017746913580247 0.3076817558299039 0.038503086419753085 0.3093964334705075 0.038503086419753085 0.27681755829903976
1 0.6847222222222221 0.5888888888888889 0.6837577160493827 0.6231824417009602 0.7020833333333333 0.6317558299039779 0.7059413580246914 0.5940329218106996
1 0.673148148148148 0.2699588477366255 0.673148148148148 0.3008230452674897 0.6885802469135801 0.3025377229080932 0.6895447530864197 0.2733882030178326
1 0.6635030864197531 0.03847736625514402 0.6635030864197531 0.06934156378600823 0.6837577160493827 0.06934156378600823 0.6818287037037037 0.03676268861454046
1 0.26033950617283946 0.6506172839506172 0.26033950617283946 0.6780521262002742 0.2748070987654321 0.6746227709190671 0.27287808641975303 0.6471879286694101
1 0.6210648148148148 0.7569272976680383 0.6210648148148148 0.7826474622770919 0.6393904320987654 0.7826474622770919 0.6374614197530863 0.7534979423868312
1 0.4792824074074074 0.3419753086419753 0.4792824074074074 0.3711248285322359 0.497608024691358 0.3796982167352537 0.495679012345679 0.3419753086419753
1 0.47638888888888886 0.4808641975308641 0.4841049382716049 0.46714677640603564 0.495679012345679 0.47914951989026056 0.4898919753086419 0.4997256515775034 0.47445987654320987 0.49801097393689986
0 0.2121141975308642 0.8117969821673524 0.22754629629629627 0.7826474622770919 0.2564814814814815 0.8306584362139917 0.25937499999999997 0.8786694101508916 0.24008487654320987 0.9078189300411522 0.21404320987654318 0.9095336076817558 0.20150462962962962 0.9095336076817558 0.1802854938271605 0.9095336076817558 0.17835648148148145 0.8580932784636488 0.1822145061728395 0.8598079561042523 0.17835648148148145 0.8117969821673524 0.19571759259259258 0.7946502057613168
