0 0.0008873456790123455 0.6489026063100137 0.01246141975308642 0.6626200274348422 0.03753858024691358 0.6643347050754458 0.05489969135802469 0.6489026063100137 0.06550925925925925 0.6214677640603565 0.08190586419753085 0.6420438957475995 0.0876929012345679 0.6677640603566529 0.09540895061728394 0.6900548696844993 0.09540895061728394 0.7209190672153635 0.0876929012345679 0.7552126200274348 0.06165123456790123 0.7569272976680383 0.04525462962962963 0.734636488340192 0.03560956790123457 0.7672153635116598 0.03946759259259259 0.7843621399176954 0.03271604938271604 0.8169410150891632 0.06647376543209876 0.8203703703703703 0.0722608024691358 0.8443758573388203 0.06743827160493826 0.8786694101508916 0.08672839506172839 0.9181069958847735 0.07997685185185184 0.9626886145404664 0.06647376543209876 0.9832647462277091 0.046219135802469134 0.9541152263374485 0.027893518518518515 0.9592592592592593 0.02403549382716049 0.9815500685871055 0.017708333333333333 0.9990740740740741 0.0008873456790123455 0.9969821673525376
1 0.47445987654320987 0.7329218106995885 0.47542438271604937 0.7603566529492455 0.4908564814814814 0.7655006858710561 0.49374999999999997 0.7363511659807956
1 0.4320216049382716 0.3128257887517147 0.4320216049382716 0.3368312757201646 0.4484182098765432 0.33854595336076815 0.4493827160493827 0.30596707818930036
1 0.7570601851851851 0.28196159122085046 0.7560956790123456 0.3162551440329218 0.7734567901234567 0.3162551440329218 0.7734567901234567 0.27681755829903976
1 0.6307098765432098 0.11220850480109737 0.6307098765432098 0.1379286694101509 0.648070987654321 0.13964334705075446 0.648070987654321 0.10706447187928668 0.6403549382716048 0.10020576131687241
1 0.2641975308641975 0.1619341563786008 0.2641975308641975 0.19108367626886147 0.28252314814814816 0.1979423868312757 0.27962962962962956 0.16364883401920438
1 0.4185185185185185 0.3762688614540466 0.4185185185185185 0.4054183813443072 0.43298611111111107 0.4054183813443072 0.43298611111111107 0.37798353909465016
1 0.8728009259259258 0.8683813443072701 0.8737654320987654 0.8975308641975308 0.8930555555555555 0.900960219478738 0.8949845679012345 0.873525377229081
1 0.5882716049382715 0.4037037037037037 0.5882716049382715 0.42770919067215357 0.6027391975308641 0.4328532235939643 0.6017746913580246 0.40027434842249654
1 0.9509259259259258 0.22194787379972564 0.9509259259259258 0.25109739368998624 0.9692515432098765 0.2528120713305898 0.968287037037037 0.21680384087791496
1 0.17449845679012344 0.13449931412894373 0.17256944444444444 0.1619341563786008 0.18896604938271602 0.1722222222222222 0.19475308641975309 0.1379286694101509
