0 0.23072916666666662 0.9935528120713305 0.2210841049382716 0.9575445816186556 0.2268711419753086 0.9266803840877914 0.2394097222222222 0.9163923182441701 0.2615933641975309 0.8443758573388203 0.2982445987654321 0.7912208504801097 0.32814429012345675 0.7723593964334704 0.3532214506172839 0.7449245541838134 0.38022762345679006 0.7209190672153635 0.40626929012345675 0.734636488340192 0.4265239197530864 0.7483539094650206 0.4535300925925926 0.7843621399176954 0.45738811728395057 0.8100823045267489 0.45256558641975303 0.900960219478738 0.45642361111111107 0.9369684499314128 0.440991512345679 0.9866941015089162 0.440625 0.9990740740740741
0 0.7776041666666667 0.21165980795610423 0.757349537037037 0.08477366255144032 0.7216628086419753 0.048765432098765424 0.6801890432098765 0.0659122085048011 0.6686149691358024 0.07448559670781892 0.6435378086419753 0.1362139917695473 0.6319637345679011 0.21165980795610423 0.6117091049382715 0.23737997256515772 0.6068865740740741 0.2493827160493827 0.593383487654321 0.29910836762688614 0.591454475308642 0.3402606310013717 0.603028549382716 0.34883401920438956 0.5847029320987654 0.4037037037037037 0.5982060185185184 0.44828532235939644 0.6068865740740741 0.47229080932784634 0.597241512345679 0.5117283950617284 0.5837384259259258 0.5340192043895746 0.599170524691358 0.564883401920439 0.6194251543209877 0.5940329218106996 0.6271412037037037 0.6026063100137173 0.6473958333333333 0.6403292181069958 0.6686149691358024 0.6471879286694101 0.6879050925925925 0.6026063100137173 0.7149112654320987 0.6368998628257887 0.7438464506172838 0.6420438957475995 0.7727816358024691 0.6128943758573387 0.7959297839506172 0.5940329218106996 0.8113618827160494 0.5614540466392318 0.7997878086419752 0.5374485596707819 0.7949652777777777 0.5117283950617284 0.7882137345679011 0.45342935528120715 0.757349537037037 0.4517146776406036 0.7409529320987654 0.4328532235939643 0.7303433641975308 0.41570644718792865 0.7380594135802468 0.3711248285322359 0.759278549382716 0.3625514403292181 0.7621720679012345 0.3505486968449931 0.7679591049382715 0.29739368998628257 0.7776041666666667 0.25624142661179694
1 0.5046489197530863 0.4517146776406036 0.5036844135802468 0.477434842249657 0.5181520061728394 0.48429355281207126 0.521045524691358 0.4585733882030178
1 0.37347608024691353 0.6163237311385459 0.3754050925925926 0.6403292181069958 0.38794367283950615 0.643758573388203 0.3927662037037037 0.6266117969821673 0.3850501543209876 0.6060356652949245
1 0.7853202160493827 0.6077503429355281 0.7853202160493827 0.6386145404663923 0.8026813271604938 0.6368998628257887 0.8007523148148148 0.6111796982167352
1 0.48246527777777776 0.900960219478738 0.48342978395061725 0.9335390946502057 0.5027199074074074 0.9335390946502057 0.49886188271604937 0.8975308641975308
0 0.1419945987654321 0.6540466392318244 0.12849151234567902 0.6574759945130315 0.10920138888888889 0.679766803840878 0.10630787037037036 0.7363511659807956 0.11788194444444443 0.7723593964334704 0.13427854938271602 0.7963648834019204 0.15453317901234567 0.8152263374485595 0.18443287037037034 0.8203703703703703 0.2046875 0.8032235939643346 0.20951003086419753 0.7912208504801097 0.21336805555555555 0.7466392318244169 0.21240354938271602 0.7054869684499313 0.20372299382716047 0.6849108367626886 0.17864583333333334 0.659190672153635 0.1574266975308642 0.6557613168724279
1 0.07158564814814813 0.44314128943758574 0.07158564814814813 0.47057613168724277 0.08894675925925925 0.4808641975308641 0.09184027777777777 0.4517146776406036 0.08123070987654321 0.4328532235939643
1 0.38697916666666665 0.2751028806584362 0.3840856481481481 0.3025377229080932 0.4014467592592592 0.3093964334705075 0.40530478395061725 0.28710562414266116 0.39662422839506173 0.2682441700960219
1 0.5017554012345679 0.564883401920439 0.49789737654320987 0.5940329218106996 0.5152584876543209 0.6060356652949245 0.524903549382716 0.5888888888888889 0.5133294753086419 0.5614540466392318
1 0.5509452160493827 0.6917695473251029 0.5490162037037037 0.7106310013717421 0.5605902777777777 0.7312071330589849 0.5711998456790124 0.7003429355281207 0.5654128086419753 0.6814814814814815
