0 0.15750385802469136 0.13278463648834019 0.20187114197530862 0.16021947873799722 0.21826774691358022 0.1739368998628258 0.23755787037037035 0.2150891632373114 0.23177083333333331 0.2528120713305898 0.20765817901234568 0.27681755829903976 0.1989776234567901 0.2733882030178326 0.19029706790123455 0.3093964334705075 0.20765817901234568 0.32825788751714674 0.23948688271604937 0.32825788751714674 0.24623842592592593 0.3522633744855967 0.25588348765432095 0.35740740740740734 0.2906057098765432 0.36426611796982167 0.29928626543209874 0.39513031550068584 0.29928626543209874 0.4448559670781893 0.2906057098765432 0.4551440329218107 0.2963927469135802 0.5031550068587105 0.2906057098765432 0.5271604938271605 0.2780671296296296 0.5477366255144033 0.26359953703703703 0.5665980795610425 0.26359953703703703 0.604320987654321 0.25491898148148145 0.6471879286694101 0.25395447530864196 0.6763374485596707 0.25491898148148145 0.6986282578875171 0.24334490740740738 0.7192043895747599 0.2279128086419753 0.7294924554183814 0.21730324074074073 0.7209190672153635 0.20669367283950618 0.7020576131687243 0.1989776234567901 0.7020576131687243 0.17775848765432095 0.7106310013717421 0.16039737654320987 0.69519890260631 0.14882330246913578 0.6231824417009602 0.1362847222222222 0.6420438957475995 0.14689429012345678 0.6883401920438957 0.14592978395061726 0.7243484224965705 0.10638503086419752 0.7277777777777777 0.08613040123456789 0.7380658436213992 0.0697337962962963 0.7517832647462277 0.05623070987654321 0.7534979423868312 0.048514660493827154 0.7192043895747599 0.05623070987654321 0.6866255144032921 0.06684027777777776 0.6471879286694101 0.0716628086419753 0.6231824417009602 0.04079861111111111 0.6694787379972564 0.016685956790123458 0.6780521262002742 0.0022183641975308645 0.6763374485596707 0.0 0.6675925925925926 0.0012538580246913575 0.516872427983539 0.022472993827160493 0.5100137174211248 0.03308256172839506 0.5082990397805213 0.05237268518518518 0.4962962962962963 0.07841435185185185 0.4825788751714677 0.09963348765432098 0.477434842249657 0.09481095679012345 0.42770919067215357 0.10252700617283951 0.4139917695473251 0.11313657407407406 0.3814128943758573 0.11506558641975309 0.36941015089163237 0.1198881172839506 0.33511659807956107 0.12181712962962962 0.26138545953360764 0.10542052469135801 0.22194787379972564 0.08998842592592592 0.22194787379972564 0.054301697530864196 0.21851851851851853 0.03308256172839506 0.22023319615912207 0.009934413580246913 0.20480109739368996 0.0 0.1935185185185185 0.0 0.0 0.16136188271604937 0.004183813443072702 0.17486496913580246 0.05390946502057613 0.15750385802469136 0.08820301783264745 0.15653935185185183 0.11392318244170097
1 0.3870563271604938 0.4997256515775034 0.38994984567901236 0.5323045267489711 0.4053819444444444 0.5323045267489711 0.4024884259259259 0.4962962962962963
1 0.2761381172839506 0.2682441700960219 0.27517361111111105 0.2905349794238683 0.2906057098765432 0.29396433470507544 0.2915702160493827 0.2665294924554184
1 0.6262538580246914 0.06934156378600823 0.6262538580246914 0.0916323731138546 0.6407214506172838 0.09334705075445816 0.6407214506172838 0.06419753086419751
17 0.3976658950617284 0.3625514403292181 0.4053819444444444 0.37283950617283945 0.4130979938271605 0.38655692729766805 0.4140625 0.4037037037037037 0.42660108024691357 0.41570644718792865 0.4333526234567901 0.41570644718792865 0.4381751543209876 0.4019890260631001 0.4372106481481481 0.374554183813443 0.423707561728395 0.3539780521262002 0.4169560185185185 0.347119341563786 0.4024884259259259 0.3316872427983539 0.3831983024691358 0.33511659807956107 0.38512731481481477 0.3556927297668038
1 0.44589120370370366 0.5271604938271605 0.44589120370370366 0.5528806584362139 0.45842978395061723 0.5511659807956104 0.4613233024691358 0.5305898491083676 0.45457175925925924 0.516872427983539
1 0.5597029320987654 0.11220850480109737 0.5597029320987654 0.1362139917695473 0.5751350308641975 0.14821673525377227 0.576099537037037 0.12078189300411521
1 0.30314429012345673 0.19451303155006858 0.29832175925925924 0.21851851851851853 0.31182484567901236 0.22537722908093277 0.3185763888888889 0.20137174211248285 0.31278935185185186 0.18593964334705074
2 0.25588348765432095 0.24252400548696845 0.2684220679012345 0.27167352537722905 0.27903163580246915 0.26481481481481484 0.27228009259259256 0.23395061728395058 0.259741512345679 0.22194787379972564
1 0.3243634259259259 0.4139917695473251 0.3233989197530864 0.4397119341563785 0.337866512345679 0.4465706447187929 0.3388310185185185 0.4139917695473251
