0 0.19214891975308643 0.002469135802469127 0.19021990740740738 0.028189300411522632 0.18636188271604937 0.07962962962962963 0.18636188271604937 0.09334705075445816 0.19407793209876542 0.1516460905349794 0.19890046296296296 0.18593964334705074 0.2046875 0.19451303155006858 0.22397762345679012 0.24423868312757202 0.23265817901234567 0.2579561042524005 0.25001929012345675 0.2905349794238683 0.2683449074074074 0.33511659807956107 0.2982445987654321 0.35912208504801096 0.3213927469135802 0.36598079561042524 0.34454089506172836 0.36426611796982167 0.3580439814814814 0.33854595336076815 0.38022762345679006 0.3111111111111111 0.40916280864197524 0.3128257887517147 0.40916280864197524 0.2751028806584362 0.4168788580246913 0.23909465020576132 0.4419560185185185 0.18936899862825785 0.45642361111111107 0.13278463648834019 0.45835262345679006 0.10020576131687241 0.44677854938271605 0.011042524005486967 0.4371334876543209 0.002469135802469127
0 0.5384066358024691 0.0401920438957476 0.5384066358024691 0.050480109739368985 0.5499807098765431 0.09506172839506172 0.5692708333333333 0.11392318244170097 0.5982060185185184 0.1379286694101509 0.6203896604938272 0.14307270233196157 0.6493248456790124 0.14307270233196157 0.6956211419753087 0.13964334705075446 0.7062307098765431 0.12421124828532233 0.7274498456790124 0.09849108367626884 0.7390239197530863 0.050480109739368985 0.740625 0.0 0.5335841049382716 0.004183813443072702
1 0.681153549382716 0.6111796982167352 0.6763310185185184 0.6454732510288066 0.6927276234567901 0.659190672153635 0.6994791666666667 0.6266117969821673
1 0.8171489197530863 0.17050754458161863 0.8190779320987654 0.20137174211248285 0.8345100308641975 0.19965706447187928 0.837403549382716 0.16879286694101506 0.8258294753086418 0.16021947873799722
1 0.27702546296296293 0.5786008230452674 0.2750964506172839 0.604320987654321 0.29438657407407404 0.6128943758573387 0.2972800925925926 0.5888888888888889 0.2876350308641975 0.568312757201646
1 0.4892168209876543 0.16707818930041152 0.48632330246913574 0.19965706447187928 0.5036844135802468 0.20994513031550066 0.5046489197530863 0.1739368998628258
1 0.9193865740740741 0.33340192043895744 0.9145640432098765 0.36426611796982167 0.9328896604938272 0.36941015089163237 0.9377121913580246 0.33511659807956107
1 0.08894675925925925 0.2682441700960219 0.08798225308641976 0.29396433470507544 0.09955632716049381 0.30596707818930036 0.11016589506172839 0.2905349794238683 0.10630787037037036 0.2751028806584362
0 0.06386959876543209 0.9884087791495197 0.07062114197530864 0.9181069958847735 0.08701774691358025 0.8700960219478737 0.10920138888888889 0.8460905349794238 0.1275270061728395 0.8289437585733882 0.17768132716049384 0.813511659807956 0.20661651234567902 0.8083676268861453 0.22880015432098763 0.7809327846364883 0.26352237654320987 0.7809327846364883 0.30017361111111107 0.7997942386831275 0.3146412037037037 0.8409465020576131 0.3223572530864197 0.8563786008230452 0.34357638888888886 0.89238683127572 0.34357638888888886 0.9215363511659806 0.33586033950617283 0.9489711934156378 0.34550540123456785 0.9884087791495197 0.3541666666666667 0.9990740740740741 0.065625 0.9990740740740741
1 0.7650655864197531 0.20480109739368996 0.7650655864197531 0.22880658436213988 0.7776041666666667 0.22880658436213988 0.7804976851851851 0.20994513031550066 0.7795331790123456 0.19965706447187928
