0 0.09770447530864197 0.002469135802469127 0.09577546296296297 0.03161865569272976 0.10349151234567901 0.12249657064471878 0.11603009259259259 0.14821673525377227 0.14400077160493827 0.1739368998628258 0.15943287037037035 0.19965706447187928 0.16232638888888887 0.22537722908093277 0.17486496913580246 0.25624142661179694 0.21730324074074073 0.2682441700960219 0.2423804012345679 0.26481481481481484 0.26263503086419754 0.27167352537722905 0.27517361111111105 0.2699588477366255 0.30025077160493824 0.2785322359396433 0.3243634259259259 0.29910836762688614 0.334008487654321 0.3093964334705075 0.34268904320987653 0.3093964334705075 0.345582561728395 0.27681755829903976 0.35136959876543206 0.2528120713305898 0.37548225308641975 0.23737997256515772 0.3986304012345679 0.19108367626886147 0.4053819444444444 0.16364883401920438 0.415991512345679 0.14993141289437587 0.43142361111111105 0.12078189300411521 0.4487847222222222 0.06762688614540467 0.4478202160493827 0.002469135802469127 0.32083333333333336 0.0
0 0.6706211419753086 0.9901234567901234 0.6744791666666666 0.9781207133058983 0.6706211419753086 0.9489711934156378 0.6619405864197531 0.9249657064471878 0.644579475308642 0.8906721536351165 0.6416859567901234 0.864951989026063 0.6783371913580247 0.8580932784636488 0.6956983024691358 0.8598079561042523 0.7178819444444444 0.8237997256515774 0.7400655864197531 0.8015089163237311 0.7516396604938271 0.8323731138545953 0.7882908950617283 0.8358024691358025 0.8230131172839505 0.8495198902606309 0.8355516975308641 0.8855281207133059 0.8625578703703703 0.8941015089163237 0.886670524691358 0.9455418381344307 0.8905285493827161 0.9712620027434841 0.9136766975308641 0.9232510288065844 0.9348958333333333 0.9163923182441701 0.9503279320987654 0.9318244170096021 0.9512924382716048 0.9935528120713305 0.8515625 0.9990740740740741 0.6692708333333334 0.9990740740740741
1 0.7275270061728395 0.5597393689986282 0.724633487654321 0.5888888888888889 0.7400655864197531 0.592318244170096 0.743923611111111 0.5631687242798353
1 0.4844714506172839 0.33511659807956107 0.4825424382716049 0.3676954732510288 0.5008680555555556 0.3676954732510288 0.5047260802469136 0.33340192043895744
1 0.7497106481481481 0.28882030178326473 0.747781635802469 0.3162551440329218 0.7651427469135802 0.3196844993141289 0.7670717592592592 0.2905349794238683
1 0.46903935185185186 0.912962962962963 0.46807484567901236 0.9421124828532237 0.4844714506172839 0.9506858710562414 0.4864004629629629 0.9198216735253772
1 0.6339699074074073 0.7037722908093278 0.6330054012345678 0.7277777777777777 0.6494020061728395 0.7363511659807956 0.6494020061728395 0.7054869684499313
1 0.6870177469135802 0.3093964334705075 0.6850887345679012 0.3419753086419753 0.7053433641975307 0.3419753086419753 0.7024498456790124 0.3128257887517147
5 0.7448881172839505 0.47057613168724277 0.7236689814814814 0.47914951989026056 0.7265625 0.49801097393689986 0.743923611111111 0.5117283950617284 0.7593557098765431 0.5117283950617284 0.7583912037037037 0.4962962962962963
0 0.5278742283950617 0.489437585733882 0.5346257716049383 0.44828532235939644 0.5452353395061728 0.4448559670781893 0.5703125 0.4328532235939643 0.5924961419753086 0.42085048010973936 0.6195023148148148 0.4397119341563785 0.6358989197530864 0.4688614540466392 0.644579475308642 0.5237311385459533 0.6416859567901234 0.540877914951989 0.6349344135802468 0.5580246913580247 0.6561535493827161 0.5631687242798353 0.6455439814814814 0.5991769547325103 0.6339699074074073 0.6128943758573387 0.6252893518518517 0.6283264746227708 0.6272183641975307 0.6626200274348422 0.6117862654320987 0.7003429355281207 0.5953896604938271 0.7072016460905349 0.5799575617283951 0.722633744855967 0.5712770061728395 0.7260631001371741 0.5587384259259258 0.7706447187928669 0.5587384259259258 0.7860768175582991 0.5346257716049383 0.7997942386831275 0.5317322530864197 0.762071330589849 0.5220871913580247 0.7329218106995885 0.5056905864197531 0.6814814814814815 0.5153356481481481 0.6609053497942387 0.4950810185185185 0.6266117969821673 0.49604552469135804 0.5854595336076818 0.51147762345679 0.564883401920439 0.49701003086419754 0.5323045267489711 0.4786844135802469 0.501440329218107 0.5018325617283951 0.4585733882030178 0.51147762345679 0.4568587105624142 0.5182291666666666 0.47400548696844985
1 0.49218749999999994 0.21165980795610423 0.51147762345679 0.20994513031550066 0.5105131172839505 0.24080932784636488 0.49218749999999994 0.24080932784636488
0 0.3639081790123457 0.47229080932784634 0.35233410493827155 0.489437585733882 0.33979552469135804 0.5048696844993141 0.3243634259259259 0.5237311385459533 0.31278935185185186 0.5048696844993141 0.30603780864197533 0.4911522633744856 0.28964120370370366 0.47914951989026056 0.2771026234567901 0.4962962962962963 0.27131558641975306 0.5117283950617284 0.2607060185185185 0.516872427983539 0.25781249999999994 0.5477366255144033 0.25298996913580246 0.604320987654321 0.25298996913580246 0.6351851851851852 0.2684220679012345 0.6489026063100137 0.28867669753086417 0.6626200274348422 0.3041087962962962 0.6540466392318244 0.3098958333333333 0.6866255144032921 0.28771219135802467 0.6900548696844993 0.26167052469135804 0.6763374485596707 0.2298418209876543 0.643758573388203 0.2115162037037037 0.6626200274348422 0.1796875 0.6849108367626886 0.15364583333333334 0.69519890260631 0.14400077160493827 0.7174897119341563 0.13532021604938269 0.7534979423868312 0.13532021604938269 0.762071330589849 0.12663966049382716 0.798079561042524 0.11024305555555555 0.8186556927297667 0.10831404320987655 0.8478052126200274 0.07744984567901234 0.8838134430727023 0.07841435185185185 0.9146776406035664 0.09288194444444443 0.94039780521262 0.09481095679012345 0.9712620027434841 0.1 0.9990740740740741 0.40345293209876537 0.9969821673525376 0.39573688271604934 0.9815500685871055 0.41116898148148145 0.9695473251028807 0.41888503086419754 0.9541152263374485 0.415991512345679 0.9352537722908092 0.4092399691358024 0.8855281207133059 0.39091435185185186 0.8855281207133059 0.3870563271604938 0.8512345679012345 0.3889853395061728 0.7997942386831275 0.3995949074074074 0.7826474622770919 0.42853009259259256 0.762071330589849 0.4391396604938271 0.7552126200274348 0.4526427469135802 0.7380658436213992 0.46325231481481477 0.7140603566529492 0.49604552469135804 0.7192043895747599 0.494116512345679 0.6969135802469135 0.4767554012345679 0.6694787379972564 0.4806134259259259 0.6351851851851852 0.4786844135802469 0.6060356652949245 0.47000385802469136 0.580315500685871 0.44396219135802467 0.5580246913580247 0.42563657407407407 0.5717421124828531 0.4130979938271605 0.6557613168724279 0.3986304012345679 0.6609053497942387 0.38030478395061723 0.6609053497942387 0.34847608024691357 0.6231824417009602 0.34751157407407407 0.6146090534979424 0.35040509259259256 0.5700274348422496 0.3619791666666667 0.5717421124828531 0.39091435185185186 0.5597393689986282 0.4015239197530864 0.5323045267489711 0.39380787037037035 0.4911522633744856 0.4024884259259259 0.4688614540466392 0.3976658950617284 0.44142661179698217 0.38512731481481477 0.4174211248285322 0.3687307098765432 0.4328532235939643
