0 0.0012538580246913575 0.07448559670781892 0.026331018518518514 0.101920438957476 0.04079861111111111 0.14307270233196157 0.03790509259259259 0.1773662551440329 0.05237268518518518 0.19622770919067214 0.0706983024691358 0.19622770919067214 0.1015625 0.20994513031550066 0.11313657407407406 0.19622770919067214 0.12856867283950618 0.18765432098765428 0.17679398148148145 0.18422496570644717 0.22501929012345678 0.16536351165980795 0.26456404320987653 0.1362139917695473 0.2780671296296296 0.12935528120713305 0.28096064814814814 0.16364883401920438 0.2954282407407407 0.18593964334705074 0.3388310185185185 0.16536351165980795 0.3745177469135802 0.14821673525377227 0.3976658950617284 0.13964334705075446 0.4073109567901234 0.13278463648834019 0.4227430555555555 0.11906721536351166 0.42177854938271603 0.08991769547325103 0.4150270061728395 0.07277091906721535 0.41984953703703703 0.050480109739368985 0.3976658950617284 0.03161865569272976 0.37837577160493824 0.014471879286694092 0.37837577160493824 0.0007544581618655644 0.0012538580246913575 0.002469135802469127 0.0 0.04537037037037037
0 0.732349537037037 0.49286694101508915 0.7593557098765431 0.46714677640603564 0.7853973765432098 0.43456790123456784 0.8075810185185185 0.4362825788751714 0.8181905864197531 0.4037037037037037 0.8095100308641975 0.36598079561042524 0.8114390432098765 0.3042524005486968 0.8124035493827161 0.26481481481481484 0.8143325617283951 0.23737997256515772 0.8191550925925924 0.21165980795610423 0.825906635802469 0.16879286694101506 0.8403742283950617 0.14821673525377227 0.8567708333333334 0.1516460905349794 0.9011381172839505 0.19965706447187928 0.9049961419753085 0.2082304526748971 0.9271797839506172 0.2493827160493827 0.9377893518518517 0.3128257887517147 0.9348958333333333 0.38827160493827156 0.9426118827160493 0.4860082304526748 0.9551504629629629 0.528875171467764 0.9291087962962962 0.5717421124828531 0.9078896604938271 0.6146090534979424 0.8905285493827161 0.6626200274348422 0.8693094135802468 0.6368998628257887 0.8432677469135802 0.6214677640603565 0.822048611111111 0.6540466392318244 0.8037229938271604 0.6986282578875171 0.7622492283950617 0.6900548696844993 0.7632137345679012 0.6729080932784636 0.7535686728395061 0.6420438957475995 0.7429591049382716 0.6231824417009602 0.7352430555555555 0.592318244170096 0.7255979938271604 0.5597393689986282 0.722704475308642 0.5254458161865568 0.7265625 0.5082990397805213
0 0.8326581790123456 0.005898491083676265 0.8355516975308641 0.0401920438957476 0.8365162037037037 0.07277091906721535 0.8365162037037037 0.08648834019204388 0.8423032407407407 0.101920438957476 0.8500192901234568 0.11392318244170097 0.8683449074074073 0.13964334705075446 0.8895640432098765 0.1619341563786008 0.9078896604938271 0.1825102880658436 0.9271797839506172 0.14478737997256513 0.9445408950617283 0.12764060356652948 0.9522569444444444 0.10534979423868313 0.9725115740740741 0.101920438957476 0.9811921296296295 0.09849108367626884 0.9985532407407407 0.07620027434842248 0.9984375 0.0 0.8354166666666667 0.0
1 0.2771026234567901 0.7037722908093278 0.2771026234567901 0.7380658436213992 0.2934992283950617 0.7363511659807956 0.2944637345679012 0.7072016460905349
1 0.6330054012345678 0.3831275720164609 0.6339699074074073 0.41056241426611795 0.652295524691358 0.4088477366255144 0.6494020061728395 0.374554183813443
1 0.35040509259259256 0.5614540466392318 0.35329861111111105 0.5906035665294924 0.3725887345679012 0.592318244170096 0.36583719135802467 0.5597393689986282
1 0.3041087962962962 0.40027434842249654 0.3079668209876543 0.4311385459533607 0.3291859567901234 0.42599451303155 0.3224344135802469 0.39341563786008227
1 0.6802662037037037 0.4945816186556927 0.6870177469135802 0.5237311385459533 0.7014853395061728 0.5151577503429355 0.6937692901234568 0.489437585733882
1 0.5336612654320987 0.8340877914951988 0.5346257716049383 0.8615226337448558 0.5500578703703703 0.8632373113854594 0.5461998456790124 0.8340877914951988
1 0.6600115740740741 0.10706447187928668 0.6609760802469135 0.1362139917695473 0.6783371913580247 0.1362139917695473 0.6744791666666666 0.10877914951989025
0 0.4420331790123457 0.004183813443072702 0.4333526234567901 0.062482853223593954 0.4372106481481481 0.10363511659807956 0.4333526234567901 0.16021947873799722 0.423707561728395 0.20480109739368996 0.4227430555555555 0.21337448559670777 0.4333526234567901 0.22537722908093277 0.4468557098765432 0.21851851851851853 0.45842978395061723 0.23052126200274345 0.4777199074074074 0.23395061728395058 0.5027970679012346 0.23909465020576132 0.5056905864197531 0.2665294924554184 0.5124421296296295 0.28710562414266116 0.5298032407407407 0.31454046639231825 0.5384837962962963 0.3454046639231824 0.5529513888888888 0.36426611796982167 0.5625964506172839 0.33511659807956107 0.5654899691358024 0.3076817558299039 0.587673611111111 0.2733882030178326 0.5982831790123456 0.22709190672153634 0.572241512345679 0.2150891632373114 0.5558449074074073 0.22194787379972564 0.5336612654320987 0.16879286694101506 0.5259452160493827 0.1465020576131687 0.5500578703703703 0.1259259259259259 0.5577739197530864 0.10706447187928668 0.5789930555555555 0.07791495198902607 0.5857445987654321 0.05562414266117969 0.5857445987654321 0.004183813443072702 0.5857445987654321 0.0007544581618655644
1 0.23852237654320987 0.7037722908093278 0.23852237654320987 0.7312071330589849 0.25491898148148145 0.7329218106995885 0.25491898148148145 0.722633744855967 0.25588348765432095 0.6900548696844993
1 0.23466435185185183 0.22880658436213988 0.23466435185185183 0.2596707818930041 0.25106095679012347 0.26138545953360764 0.25106095679012347 0.22880658436213988
