1 0.7146219135802468 0.4311385459533607 0.7126929012345679 0.4637174211248285 0.7290895061728394 0.4637174211248285 0.730054012345679 0.43456790123456784
1 0.6210648148148148 0.5185871056241426 0.6210648148148148 0.5477366255144033 0.6384259259259258 0.5494513031550069 0.6384259259259258 0.5203017832647462
1 0.5410108024691358 0.2699588477366255 0.5410108024691358 0.295679012345679 0.5564429012345679 0.295679012345679 0.5564429012345679 0.2682441700960219
0 0.9268132716049382 0.9969821673525376 0.9181327160493827 0.9575445816186556 0.9162037037037037 0.9352537722908092 0.9104166666666665 0.9249657064471878 0.8959490740740741 0.8975308641975308 0.890162037037037 0.8820987654320988 0.8737654320987654 0.852949245541838 0.8708719135802468 0.8443758573388203 0.8650848765432098 0.8015089163237311 0.8766589506172838 0.7792181069958848 0.894020061728395 0.7552126200274348 0.9133101851851851 0.7534979423868312 0.9210262345679011 0.7603566529492455 0.9306712962962962 0.7552126200274348 0.9326003086419752 0.7174897119341563 0.9316358024691358 0.69519890260631 0.9403163580246914 0.6849108367626886 0.9374228395061728 0.6557613168724279 0.9354938271604938 0.6471879286694101 0.9239197530864197 0.6300411522633744 0.9287422839506172 0.6077503429355281 0.9354938271604938 0.5957475994513032 0.9335648148148148 0.5614540466392318 0.9557484567901234 0.5443072702331961 0.972145061728395 0.516872427983539 0.9885416666666665 0.5082990397805213 0.9994791666666667 0.5157407407407407 0.9994791666666667 0.9990740740740741
1 0.7869598765432098 0.4465706447187929 0.7879243827160494 0.46714677640603564 0.8014274691358024 0.4688614540466392 0.8023919753086418 0.44142661179698217
1 0.8284336419753086 0.1619341563786008 0.8274691358024691 0.18593964334705074 0.8457947530864197 0.18593964334705074 0.8429012345679011 0.1567901234567901
1 0.42816358024691353 0.8478052126200274 0.42816358024691353 0.8683813443072701 0.4435956790123457 0.8700960219478737 0.44263117283950615 0.8460905349794238
2 0.4030864197530864 0.7329218106995885 0.38861882716049384 0.762071330589849 0.4040509259259259 0.7723593964334704 0.419483024691358 0.734636488340192 0.40983796296296293 0.7157750342935527
1 0.6663966049382715 0.3556927297668038 0.6712191358024691 0.3831275720164609 0.6827932098765431 0.3796982167352537 0.6789351851851851 0.347119341563786
0 0.6953317901234567 0.9695473251028807 0.7126929012345679 0.9369684499314128 0.7204089506172838 0.9283950617283949 0.7387345679012345 0.9266803840877914 0.7599537037037037 0.9438271604938271 0.7763503086419752 0.9438271604938271 0.7908179012345679 0.9301097393689985 0.812037037037037 0.9352537722908092 0.8274691358024691 0.9678326474622769 0.8332561728395061 0.9901234567901234 0.8296875 0.9990740740740741 0.6890625 0.9990740740740741
1 0.7773148148148148 0.20480109739368996 0.7792438271604938 0.23052126200274345 0.7946759259259258 0.23566529492455415 0.7956404320987654 0.20651577503429353
