0 0.21819058641975309 0.3128257887517147 0.19986496913580246 0.34883401920438956 0.19793595679012344 0.3917009602194787 0.2056520061728395 0.41056241426611795 0.2056520061728395 0.4448559670781893 0.19890046296296296 0.46200274348422493 0.21626157407407404 0.5048696844993141 0.21722608024691356 0.5357338820301782 0.18346836419753085 0.568312757201646 0.1747878086419753 0.6214677640603565 0.1439236111111111 0.6386145404663923 0.11498842592592592 0.6386145404663923 0.10630787037037036 0.6300411522633744 0.08315972222222222 0.5940329218106996 0.05036651234567901 0.5323045267489711 0.044579475308641967 0.4945816186556927 0.0629050925925926 0.47229080932784634 0.08605324074074074 0.4757201646090534 0.09184027777777777 0.4757201646090534 0.10630787037037036 0.4397119341563785 0.10823688271604938 0.42085048010973936 0.0976273148148148 0.3762688614540466 0.09376929012345679 0.33854595336076815 0.08605324074074074 0.32311385459533604 0.08412422839506171 0.27167352537722905 0.0956983024691358 0.2545267489711934 0.10244984567901234 0.25624142661179694 0.10244984567901234 0.18593964334705074 0.1130594135802469 0.17050754458161863 0.12463348765432097 0.18765432098765428 0.1265625 0.22194787379972564 0.1419945987654321 0.20480109739368996 0.1603202160493827 0.19108367626886147 0.17961033950617283 0.20651577503429353 0.18443287037037034 0.23566529492455415 0.19793595679012344 0.2528120713305898 0.20951003086419753 0.2905349794238683
0 0.3763695987654321 0.9884087791495197 0.364795524691358 0.9609739368998628 0.34454089506172836 0.94039780521262 0.3522569444444444 0.89238683127572 0.37251157407407404 0.8889574759945129 0.38119212962962956 0.9061042524005487 0.40337577160493826 0.8820987654320988 0.4274884259259259 0.9043895747599451 0.45642361111111107 0.9506858710562414 0.4670331790123457 0.9626886145404664 0.4805362654320987 0.9986968449931413
0 0.5239390432098765 0.019615912208504793 0.5297260802469135 0.04705075445816186 0.5470871913580246 0.060768175582990386 0.5962770061728394 0.06419753086419751 0.599170524691358 0.101920438957476 0.6068865740740741 0.12249657064471878 0.6213541666666667 0.12764060356652948 0.6454668209876543 0.1259259259259259 0.6560763888888889 0.10363511659807956 0.6628279320987654 0.07791495198902607 0.6608989197530863 0.0401920438957476 0.6445023148148148 0.004183813443072702 0.6432291666666666 0.0 0.5296875 0.0
1 0.3908371913580247 0.6900548696844993 0.38601466049382716 0.7192043895747599 0.40434027777777776 0.7277777777777777 0.40723379629629625 0.6917695473251029
2 0.5374421296296297 0.5117283950617284 0.5393711419753087 0.5425925925925926 0.5509452160493827 0.5460219478737998 0.5509452160493827 0.5185871056241426
1 0.2683449074074074 0.5580246913580247 0.2693094135802469 0.5820301783264745 0.284741512345679 0.5906035665294924 0.28184799382716047 0.5563100137174211
1 0.38697916666666665 0.39341563786008227 0.3850501543209876 0.42256515775034287 0.3985532407407407 0.4311385459533607 0.40530478395061725 0.4054183813443072
1 0.8827353395061728 0.08134430727023319 0.8817708333333333 0.11049382716049382 0.8962384259259258 0.11220850480109737 0.8981674382716048 0.08134430727023319
2 0.9647183641975308 0.374554183813443 0.9531442901234567 0.41056241426611795 0.9666473765432098 0.42942386831275714 0.9801504629629628 0.38998628257887513 0.9762924382716048 0.3676954732510288
1 0.5461226851851851 0.6780521262002742 0.5461226851851851 0.7037722908093278 0.5596257716049383 0.7037722908093278 0.5586612654320987 0.6780521262002742
2 0.5605902777777777 0.22880658436213988 0.5509452160493827 0.2545267489711934 0.5557677469135801 0.2733882030178326 0.5702353395061728 0.2545267489711934 0.5740933641975308 0.24252400548696845
1 0.07158564814814813 0.89238683127572 0.06869212962962963 0.9283950617283949 0.08991126543209876 0.9301097393689985 0.09184027777777777 0.8889574759945129
1 0.7033371913580246 0.42427983539094644 0.7004436728395061 0.4568587105624142 0.7139467592592592 0.46543209876543207 0.7178047839506172 0.43456790123456784
