0 0.7738233024691358 0.22537722908093277 0.7535686728395061 0.14821673525377227 0.7564621913580247 0.12421124828532233 0.7680362654320987 0.07277091906721535 0.7796103395061728 0.057338820301783264 0.7931134259259258 0.060768175582990386 0.8114390432098765 0.09849108367626884 0.82397762345679 0.12935528120713305 0.8365162037037037 0.1465020576131687 0.8374807098765431 0.16021947873799722 0.822048611111111 0.17908093278463647 0.8278356481481481 0.19279835390946504 0.8461612654320987 0.21337448559670777 0.8615933641975307 0.24423868312757202 0.8548418209876542 0.2905349794238683 0.8480902777777778 0.3111111111111111 0.8596643518518517 0.3265432098765432 0.8664158950617283 0.3454046639231824 0.8799189814814814 0.3556927297668038 0.8943865740740741 0.3711248285322359 0.9117476851851851 0.347119341563786 0.9242862654320987 0.3299725651577503 0.9358603395061728 0.3299725651577503 0.9522569444444444 0.3402606310013717 0.9686535493827161 0.3831275720164609 0.964795524691358 0.42256515775034287 0.9532214506172838 0.44314128943758574 0.9541859567901234 0.46714677640603564 0.9734760802469135 0.4551440329218107 0.9889081790123455 0.4448559670781893 0.9985532407407407 0.4465706447187929 0.9985532407407407 0.5305898491083676 0.9831211419753085 0.5443072702331961 0.9744405864197531 0.5940329218106996 0.982156635802469 0.6094650205761316 0.9744405864197531 0.6334705075445817 0.9763695987654321 0.659190672153635 0.9657600308641975 0.6969135802469135 0.966724537037037 0.7140603566529492 0.9889081790123455 0.7466392318244169 0.9994791666666667 0.7712962962962963 0.9994791666666667 0.8814814814814815 0.966724537037037 0.8220850480109738 0.9493634259259258 0.7775034293552812 0.9406828703703703 0.734636488340192 0.9397183641975307 0.7123456790123456 0.9397183641975307 0.6866255144032921 0.9252507716049382 0.6626200274348422 0.9165702160493827 0.6900548696844993 0.9069251543209875 0.6900548696844993 0.8789544753086419 0.6334705075445817 0.8760609567901234 0.6231824417009602 0.8770254629629629 0.5974622770919067 0.8586998456790124 0.5871742112482853 0.8461612654320987 0.5854595336076818 0.8548418209876542 0.5357338820301782 0.8374807098765431 0.489437585733882 0.8278356481481481 0.47400548696844985 0.8095100308641975 0.47057613168724277 0.7921489197530864 0.4825788751714677 0.7776813271604938 0.4825788751714677 0.7767168209876544 0.4568587105624142 0.7728587962962962 0.42256515775034287 0.7699652777777778 0.4088477366255144 0.7641782407407407 0.39855967078189297 0.7506751543209876 0.374554183813443 0.7333140432098765 0.32139917695473247 0.7120949074074073 0.32825788751714674 0.6995563271604938 0.2905349794238683 0.6995563271604938 0.26138545953360764 0.7294560185185185 0.27167352537722905 0.7371720679012345 0.27681755829903976 0.7506751543209876 0.26310013717421127 0.7593557098765431 0.23909465020576132
1 0.5404128086419753 0.516872427983539 0.5394483024691358 0.540877914951989 0.5558449074074073 0.5425925925925926 0.5558449074074073 0.5185871056241426
1 0.4806134259259259 0.2751028806584362 0.4796489197530864 0.3042524005486968 0.49604552469135804 0.3128257887517147 0.5027970679012346 0.28367626886145403
1 0.3745177469135802 0.8580932784636488 0.3735532407407407 0.8872427983539094 0.38994984567901236 0.8889574759945129 0.38994984567901236 0.8580932784636488
1 0.6031057098765431 0.6814814814814815 0.6040702160493827 0.7089163237311384 0.6175733024691358 0.7072016460905349 0.6166087962962963 0.6814814814814815
1 0.8095100308641975 0.7192043895747599 0.8095100308641975 0.7483539094650206 0.8268711419753085 0.7552126200274348 0.8297646604938271 0.7209190672153635
1 0.6648341049382716 0.06762688614540467 0.6629050925925924 0.09506172839506172 0.6812307098765431 0.10706447187928668 0.6802662037037037 0.06934156378600823
1 0.3629436728395062 0.3196844993141289 0.3629436728395062 0.347119341563786 0.37934027777777773 0.3454046639231824 0.37934027777777773 0.3196844993141289
5 0.16136188271604937 0.8718106995884773 0.15461033950617284 0.9386831275720163 0.17197145061728394 0.9489711934156378 0.18258101851851852 0.8786694101508916 0.1931905864197531 0.8615226337448558 0.17775848765432095 0.8443758573388203
1 0.46325231481481477 0.5631687242798353 0.4613233024691358 0.5940329218106996 0.48157793209876537 0.6008916323731138 0.4786844135802469 0.5665980795610425
0 0.6609760802469135 0.8460905349794238 0.646508487654321 0.9061042524005487 0.6436149691358024 0.9283950617283949 0.652295524691358 0.9489711934156378 0.6744791666666666 0.9592592592592593 0.6899112654320987 0.9678326474622769 0.7034143518518517 0.9575445816186556 0.7140239197530864 0.9746913580246912 0.722704475308642 0.9335390946502057 0.7333140432098765 0.912962962962963 0.7487461419753086 0.8958161865569273 0.7564621913580247 0.8478052126200274 0.747781635802469 0.8289437585733882 0.7294560185185185 0.8220850480109738 0.7101658950617283 0.8220850480109738 0.6947337962962963 0.8186556927297667 0.6783371913580247 0.8100823045267489 0.66772762345679 0.8203703703703703
1 0.4150270061728395 0.9609739368998628 0.4150270061728395 0.9884087791495197 0.4333526234567901 0.9918381344307271 0.43142361111111105 0.9592592592592593
1 0.5606674382716049 0.852949245541838 0.5597029320987654 0.876954732510288 0.576099537037037 0.8803840877914951 0.576099537037037 0.8512345679012345
0 0.006076388888888887 0.5082990397805213 0.029224537037037035 0.5082990397805213 0.0398341049382716 0.5134430727023319 0.04755015432098765 0.5443072702331961 0.05912422839506172 0.5477366255144033 0.06780478395061729 0.564883401920439 0.0552662037037037 0.6060356652949245 0.06780478395061729 0.6231824417009602 0.08323688271604938 0.6266117969821673 0.09288194444444443 0.6248971193415637 0.10252700617283951 0.5871742112482853 0.1015625 0.5563100137174211 0.09384645061728394 0.5323045267489711 0.10638503086419752 0.501440329218107 0.10638503086419752 0.4688614540466392 0.09770447530864197 0.45342935528120715 0.08805941358024691 0.44314128943758574 0.08805941358024691 0.4191358024691358 0.07648533950617284 0.38998628257887513 0.0687692901234568 0.3831275720164609 0.05237268518518518 0.39513031550068584 0.048514660493827154 0.41570644718792865 0.042727623456790126 0.42942386831275714 0.028260030864197528 0.4139917695473251 0.008969907407407407 0.41056241426611795 0.0 0.42962962962962964
